# X            Y            Psi
   0.000000E+00     0.000000E+00     0.000000E+00
   0.000000E+00     5.000000E-02     5.000000E-02
   0.000000E+00     1.000000E-01     1.000000E-01
   0.000000E+00     1.500000E-01     1.500000E-01
   0.000000E+00     2.000000E-01     2.000000E-01
   0.000000E+00     2.500000E-01     2.500000E-01
   0.000000E+00     3.000000E-01     3.000000E-01
   0.000000E+00     3.500000E-01     3.500000E-01
   0.000000E+00     4.000000E-01     4.000000E-01
   0.000000E+00     4.500000E-01     4.500000E-01
   0.000000E+00     5.000000E-01     5.000000E-01
   0.000000E+00     5.500000E-01     5.500000E-01
   0.000000E+00     6.000000E-01     6.000000E-01
   0.000000E+00     6.500000E-01     6.500000E-01
   0.000000E+00     7.000000E-01     7.000000E-01
   0.000000E+00     7.500000E-01     7.500000E-01
   0.000000E+00     8.000000E-01     8.000000E-01
   0.000000E+00     8.500000E-01     8.500000E-01
   0.000000E+00     9.000000E-01     9.000000E-01
   0.000000E+00     9.500000E-01     9.500000E-01
   0.000000E+00     1.000000E+00     1.000000E+00
   0.000000E+00     1.050000E+00     1.050000E+00
   5.000000E-02     0.000000E+00     0.000000E+00
   5.000000E-02     5.000000E-02     1.805902E-02
   5.000000E-02     1.000000E-01     5.648845E-02
   5.000000E-02     1.500000E-01     1.039721E-01
   5.000000E-02     2.000000E-01     1.550969E-01
   5.000000E-02     2.500000E-01     2.080726E-01
   5.000000E-02     3.000000E-01     2.617522E-01
   5.000000E-02     3.500000E-01     3.154097E-01
   5.000000E-02     4.000000E-01     3.687623E-01
   5.000000E-02     4.500000E-01     4.217573E-01
   5.000000E-02     5.000000E-01     4.744217E-01
   5.000000E-02     5.500000E-01     5.267906E-01
   5.000000E-02     6.000000E-01     5.788873E-01
   5.000000E-02     6.500000E-01     6.307158E-01
   5.000000E-02     7.000000E-01     6.822552E-01
   5.000000E-02     7.500000E-01     7.334427E-01
   5.000000E-02     8.000000E-01     7.841312E-01
   5.000000E-02     8.500000E-01     8.340328E-01
   5.000000E-02     9.000000E-01     8.827324E-01
   5.000000E-02     9.500000E-01     9.294179E-01
   5.000000E-02     1.000000E+00     9.706348E-01
   5.000000E-02     1.050000E+00     1.000000E+00
   1.000000E-01     0.000000E+00     0.000000E+00
   1.000000E-01     5.000000E-02     4.781735E-03
   1.000000E-01     1.000000E-01     2.896400E-02
   1.000000E-01     1.500000E-01     6.800970E-02
   1.000000E-01     2.000000E-01     1.162037E-01
   1.000000E-01     2.500000E-01     1.695676E-01
   1.000000E-01     3.000000E-01     2.253259E-01
   1.000000E-01     3.500000E-01     2.817950E-01
   1.000000E-01     4.000000E-01     3.381020E-01
   1.000000E-01     4.500000E-01     3.939083E-01
   1.000000E-01     5.000000E-01     4.491528E-01
   1.000000E-01     5.500000E-01     5.038558E-01
   1.000000E-01     6.000000E-01     5.580459E-01
   1.000000E-01     6.500000E-01     6.117376E-01
   1.000000E-01     7.000000E-01     6.649117E-01
   1.000000E-01     7.500000E-01     7.174993E-01
   1.000000E-01     8.000000E-01     7.693575E-01
   1.000000E-01     8.500000E-01     8.202254E-01
   1.000000E-01     9.000000E-01     8.696337E-01
   1.000000E-01     9.500000E-01     9.169749E-01
   1.000000E-01     1.000000E+00     9.610415E-01
   1.000000E-01     1.050000E+00     1.000000E+00
   1.500000E-01     0.000000E+00     0.000000E+00
   1.500000E-01     5.000000E-02     9.287974E-04
   1.500000E-01     1.000000E-01     1.422716E-02
   1.500000E-01     1.500000E-01     4.295203E-02
   1.500000E-01     2.000000E-01     8.478143E-02
   1.500000E-01     2.500000E-01     1.356295E-01
   1.500000E-01     3.000000E-01     1.915819E-01
   1.500000E-01     3.500000E-01     2.497701E-01
   1.500000E-01     4.000000E-01     3.084543E-01
   1.500000E-01     4.500000E-01     3.667897E-01
   1.500000E-01     5.000000E-01     4.244740E-01
   1.500000E-01     5.500000E-01     4.814410E-01
   1.500000E-01     6.000000E-01     5.377002E-01
   1.500000E-01     6.500000E-01     5.932704E-01
   1.500000E-01     7.000000E-01     6.481447E-01
   1.500000E-01     7.500000E-01     7.022725E-01
   1.500000E-01     8.000000E-01     7.555442E-01
   1.500000E-01     8.500000E-01     8.077698E-01
   1.500000E-01     9.000000E-01     8.586277E-01
   1.500000E-01     9.500000E-01     9.077705E-01
   1.500000E-01     1.000000E+00     9.550813E-01
   1.500000E-01     1.050000E+00     1.000000E+00
   2.000000E-01     0.000000E+00     0.000000E+00
   2.000000E-01     5.000000E-02    -2.037750E-04
   2.000000E-01     1.000000E-01     6.684988E-03
   2.000000E-01     1.500000E-01     2.674171E-02
   2.000000E-01     2.000000E-01     6.101027E-02
   2.000000E-01     2.500000E-01     1.071515E-01
   2.000000E-01     3.000000E-01     1.613619E-01
   2.000000E-01     3.500000E-01     2.199600E-01
   2.000000E-01     4.000000E-01     2.802640E-01
   2.000000E-01     4.500000E-01     3.407255E-01
   2.000000E-01     5.000000E-01     4.006412E-01
   2.000000E-01     5.500000E-01     4.597659E-01
   2.000000E-01     6.000000E-01     5.180468E-01
   2.000000E-01     6.500000E-01     5.754944E-01
   2.000000E-01     7.000000E-01     6.321157E-01
   2.000000E-01     7.500000E-01     6.878899E-01
   2.000000E-01     8.000000E-01     7.427556E-01
   2.000000E-01     8.500000E-01     7.966045E-01
   2.000000E-01     9.000000E-01     8.492924E-01
   2.000000E-01     9.500000E-01     9.007212E-01
   2.000000E-01     1.000000E+00     9.509882E-01
   2.000000E-01     1.050000E+00     1.000000E+00
   2.500000E-01     0.000000E+00     0.000000E+00
   2.500000E-01     5.000000E-02    -6.677686E-04
   2.500000E-01     1.000000E-01     2.748228E-03
   2.500000E-01     1.500000E-01     1.651079E-02
   2.500000E-01     2.000000E-01     4.370856E-02
   2.500000E-01     2.500000E-01     8.415505E-02
   2.500000E-01     3.000000E-01     1.351266E-01
   2.500000E-01     3.500000E-01     1.928435E-01
   2.500000E-01     4.000000E-01     2.539060E-01
   2.500000E-01     4.500000E-01     3.159965E-01
   2.500000E-01     5.000000E-01     3.778755E-01
   2.500000E-01     5.500000E-01     4.390151E-01
   2.500000E-01     6.000000E-01     4.992452E-01
   2.500000E-01     6.500000E-01     5.585446E-01
   2.500000E-01     7.000000E-01     6.169296E-01
   2.500000E-01     7.500000E-01     6.744094E-01
   2.500000E-01     8.000000E-01     7.309721E-01
   2.500000E-01     8.500000E-01     7.865878E-01
   2.500000E-01     9.000000E-01     8.412306E-01
   2.500000E-01     9.500000E-01     8.949282E-01
   2.500000E-01     1.000000E+00     9.478128E-01
   2.500000E-01     1.050000E+00     1.000000E+00
   3.000000E-01     0.000000E+00     0.000000E+00
   3.000000E-01     5.000000E-02    -9.601803E-04
   3.000000E-01     1.000000E-01     3.706134E-04
   3.000000E-01     1.500000E-01     9.763482E-03
   3.000000E-01     2.000000E-01     3.115825E-02
   3.000000E-01     2.500000E-01     6.593533E-02
   3.000000E-01     3.000000E-01     1.128483E-01
   3.000000E-01     3.500000E-01     1.686643E-01
   3.000000E-01     4.000000E-01     2.296587E-01
   3.000000E-01     4.500000E-01     2.928400E-01
   3.000000E-01     5.000000E-01     3.563673E-01
   3.000000E-01     5.500000E-01     4.193426E-01
   3.000000E-01     6.000000E-01     4.814202E-01
   3.000000E-01     6.500000E-01     5.425184E-01
   3.000000E-01     7.000000E-01     6.026485E-01
   3.000000E-01     7.500000E-01     6.618437E-01
   3.000000E-01     8.000000E-01     7.201343E-01
   3.000000E-01     8.500000E-01     7.775483E-01
   3.000000E-01     9.000000E-01     8.341280E-01
   3.000000E-01     9.500000E-01     8.899589E-01
   3.000000E-01     1.000000E+00     9.451913E-01
   3.000000E-01     1.050000E+00     1.000000E+00
   3.500000E-01     0.000000E+00     0.000000E+00
   3.500000E-01     5.000000E-02    -1.234590E-03
   3.500000E-01     1.000000E-01    -1.359699E-03
   3.500000E-01     1.500000E-01     4.903541E-03
   3.500000E-01     2.000000E-01     2.172574E-02
   3.500000E-01     2.500000E-01     5.137381E-02
   3.500000E-01     3.000000E-01     9.406466E-02
   3.500000E-01     3.500000E-01     1.473985E-01
   3.500000E-01     4.000000E-01     2.076705E-01
   3.500000E-01     4.500000E-01     2.714306E-01
   3.500000E-01     5.000000E-01     3.362704E-01
   3.500000E-01     5.500000E-01     4.008741E-01
   3.500000E-01     6.000000E-01     4.646706E-01
   3.500000E-01     6.500000E-01     5.274846E-01
   3.500000E-01     7.000000E-01     5.893064E-01
   3.500000E-01     7.500000E-01     6.501828E-01
   3.500000E-01     8.000000E-01     7.101742E-01
   3.500000E-01     8.500000E-01     7.693474E-01
   3.500000E-01     9.000000E-01     8.277845E-01
   3.500000E-01     9.500000E-01     8.855981E-01
   3.500000E-01     1.000000E+00     9.429432E-01
   3.500000E-01     1.050000E+00     1.000000E+00
   4.000000E-01     0.000000E+00     0.000000E+00
   4.000000E-01     5.000000E-02    -1.480477E-03
   4.000000E-01     1.000000E-01    -2.649345E-03
   4.000000E-01     1.500000E-01     1.213448E-03
   4.000000E-01     2.000000E-01     1.388509E-02
   4.000000E-01     2.500000E-01     3.910299E-02
   4.000000E-01     3.000000E-01     7.802978E-02
   4.000000E-01     3.500000E-01     1.288248E-01
   4.000000E-01     4.000000E-01     1.880024E-01
   4.000000E-01     4.500000E-01     2.519051E-01
   4.000000E-01     5.000000E-01     3.177119E-01
   4.000000E-01     5.500000E-01     3.837107E-01
   4.000000E-01     6.000000E-01     4.490717E-01
   4.000000E-01     6.500000E-01     5.134920E-01
   4.000000E-01     7.000000E-01     5.769221E-01
   4.000000E-01     7.500000E-01     6.394097E-01
   4.000000E-01     8.000000E-01     7.010338E-01
   4.000000E-01     8.500000E-01     7.618857E-01
   4.000000E-01     9.000000E-01     8.220704E-01
   4.000000E-01     9.500000E-01     8.817130E-01
   4.000000E-01     1.000000E+00     9.409656E-01
   4.000000E-01     1.050000E+00     1.000000E+00
   4.500000E-01     0.000000E+00     0.000000E+00
   4.500000E-01     5.000000E-02    -1.332209E-03
   4.500000E-01     1.000000E-01    -2.620910E-03
   4.500000E-01     1.500000E-01    -7.338252E-04
   4.500000E-01     2.000000E-01     6.366490E-03
   4.500000E-01     2.500000E-01     2.778212E-02
   4.500000E-01     3.000000E-01     6.405795E-02
   4.500000E-01     3.500000E-01     1.126914E-01
   4.500000E-01     4.000000E-01     1.706146E-01
   4.500000E-01     4.500000E-01     2.343333E-01
   4.500000E-01     5.000000E-01     3.007927E-01
   4.500000E-01     5.500000E-01     3.679398E-01
   4.500000E-01     6.000000E-01     4.346842E-01
   4.500000E-01     6.500000E-01     5.005758E-01
   4.500000E-01     7.000000E-01     5.655049E-01
   4.500000E-01     7.500000E-01     6.295063E-01
   4.500000E-01     8.000000E-01     6.926673E-01
   4.500000E-01     8.500000E-01     7.550932E-01
   4.500000E-01     9.000000E-01     8.169012E-01
   4.500000E-01     9.500000E-01     8.782215E-01
   4.500000E-01     1.000000E+00     9.392008E-01
   4.500000E-01     1.050000E+00     1.000000E+00
   5.000000E-01     0.000000E+00     0.000000E+00
   5.000000E-01     5.000000E-02     0.000000E+00
   5.000000E-01     1.000000E-01     0.000000E+00
   5.000000E-01     1.500000E-01     0.000000E+00
   5.000000E-01     2.000000E-01     0.000000E+00
   5.000000E-01     2.500000E-01     1.749909E-02
   5.000000E-01     3.000000E-01     5.194148E-02
   5.000000E-01     3.500000E-01     9.897080E-02
   5.000000E-01     4.000000E-01     1.555986E-01
   5.000000E-01     4.500000E-01     2.188164E-01
   5.000000E-01     5.000000E-01     2.855971E-01
   5.000000E-01     5.500000E-01     3.536275E-01
   5.000000E-01     6.000000E-01     4.215525E-01
   5.000000E-01     6.500000E-01     4.887580E-01
   5.000000E-01     7.000000E-01     5.550559E-01
   5.000000E-01     7.500000E-01     6.204545E-01
   5.000000E-01     8.000000E-01     6.850389E-01
   5.000000E-01     8.500000E-01     7.489200E-01
   5.000000E-01     9.000000E-01     8.122206E-01
   5.000000E-01     9.500000E-01     8.750719E-01
   5.000000E-01     1.000000E+00     9.376150E-01
   5.000000E-01     1.050000E+00     1.000000E+00
   5.500000E-01     2.000000E-01     0.000000E+00
   5.500000E-01     2.500000E-01     1.230175E-02
   5.500000E-01     3.000000E-01     4.280972E-02
   5.500000E-01     3.500000E-01     8.760017E-02
   5.500000E-01     4.000000E-01     1.428558E-01
   5.500000E-01     4.500000E-01     2.053757E-01
   5.500000E-01     5.000000E-01     2.721798E-01
   5.500000E-01     5.500000E-01     3.408168E-01
   5.500000E-01     6.000000E-01     4.097021E-01
   5.500000E-01     6.500000E-01     4.780475E-01
   5.500000E-01     7.000000E-01     5.455688E-01
   5.500000E-01     7.500000E-01     6.122347E-01
   5.500000E-01     8.000000E-01     6.781182E-01
   5.500000E-01     8.500000E-01     7.433288E-01
   5.500000E-01     9.000000E-01     8.079898E-01
   5.500000E-01     9.500000E-01     8.722309E-01
   5.500000E-01     1.000000E+00     9.361875E-01
   5.500000E-01     1.050000E+00     1.000000E+00
   6.000000E-01     2.000000E-01     0.000000E+00
   6.000000E-01     2.500000E-01     9.764802E-03
   6.000000E-01     3.000000E-01     3.680498E-02
   6.000000E-01     3.500000E-01     7.888837E-02
   6.000000E-01     4.000000E-01     1.324154E-01
   6.000000E-01     4.500000E-01     1.939878E-01
   6.000000E-01     5.000000E-01     2.605432E-01
   6.000000E-01     5.500000E-01     3.295169E-01
   6.000000E-01     6.000000E-01     3.991362E-01
   6.000000E-01     6.500000E-01     4.684381E-01
   6.000000E-01     7.000000E-01     5.370291E-01
   6.000000E-01     7.500000E-01     6.048248E-01
   6.000000E-01     8.000000E-01     6.718774E-01
   6.000000E-01     8.500000E-01     7.382891E-01
   6.000000E-01     9.000000E-01     8.041796E-01
   6.000000E-01     9.500000E-01     8.696749E-01
   6.000000E-01     1.000000E+00     9.349043E-01
   6.000000E-01     1.050000E+00     1.000000E+00
   6.500000E-01     2.000000E-01     0.000000E+00
   6.500000E-01     2.500000E-01     8.830819E-03
   6.500000E-01     3.000000E-01     3.314338E-02
   6.500000E-01     3.500000E-01     7.252957E-02
   6.500000E-01     4.000000E-01     1.241329E-01
   6.500000E-01     4.500000E-01     1.845539E-01
   6.500000E-01     5.000000E-01     2.506294E-01
   6.500000E-01     5.500000E-01     3.196984E-01
   6.500000E-01     6.000000E-01     3.898335E-01
   6.500000E-01     6.500000E-01     4.599078E-01
   6.500000E-01     7.000000E-01     5.294118E-01
   6.500000E-01     7.500000E-01     5.981977E-01
   6.500000E-01     8.000000E-01     6.662884E-01
   6.500000E-01     8.500000E-01     7.337734E-01
   6.500000E-01     9.000000E-01     8.007655E-01
   6.500000E-01     9.500000E-01     8.673851E-01
   6.500000E-01     1.000000E+00     9.337551E-01
   6.500000E-01     1.050000E+00     1.000000E+00
   7.000000E-01     0.000000E+00     0.000000E+00
   7.000000E-01     5.000000E-02     0.000000E+00
   7.000000E-01     1.000000E-01     0.000000E+00
   7.000000E-01     1.500000E-01     0.000000E+00
   7.000000E-01     2.000000E-01     0.000000E+00
   7.000000E-01     2.500000E-01     8.565841E-03
   7.000000E-01     3.000000E-01     3.098128E-02
   7.000000E-01     3.500000E-01     6.806614E-02
   7.000000E-01     4.000000E-01     1.177618E-01
   7.000000E-01     4.500000E-01     1.769073E-01
   7.000000E-01     5.000000E-01     2.423307E-01
   7.000000E-01     5.500000E-01     3.112948E-01
   7.000000E-01     6.000000E-01     3.817483E-01
   7.000000E-01     6.500000E-01     4.524192E-01
   7.000000E-01     7.000000E-01     5.226827E-01
   7.000000E-01     7.500000E-01     5.923211E-01
   7.000000E-01     8.000000E-01     6.613209E-01
   7.000000E-01     8.500000E-01     7.297545E-01
   7.000000E-01     9.000000E-01     7.977248E-01
   7.000000E-01     9.500000E-01     8.653451E-01
   7.000000E-01     1.000000E+00     9.327312E-01
   7.000000E-01     1.050000E+00     1.000000E+00
   7.500000E-01     0.000000E+00     0.000000E+00
   7.500000E-01     5.000000E-02    -4.999623E-04
   7.500000E-01     1.000000E-01    -1.414301E-03
   7.500000E-01     1.500000E-01    -1.807739E-03
   7.500000E-01     2.000000E-01    -4.578595E-04
   7.500000E-01     2.500000E-01     8.551447E-03
   7.500000E-01     3.000000E-01     2.986028E-02
   7.500000E-01     3.500000E-01     6.508565E-02
   7.500000E-01     4.000000E-01     1.130022E-01
   7.500000E-01     4.500000E-01     1.708430E-01
   7.500000E-01     5.000000E-01     2.355065E-01
   7.500000E-01     5.500000E-01     3.042114E-01
   7.500000E-01     6.000000E-01     3.748136E-01
   7.500000E-01     6.500000E-01     4.459203E-01
   7.500000E-01     7.000000E-01     5.167986E-01
   7.500000E-01     7.500000E-01     5.871574E-01
   7.500000E-01     8.000000E-01     6.569424E-01
   7.500000E-01     8.500000E-01     7.262047E-01
   7.500000E-01     9.000000E-01     7.950357E-01
   7.500000E-01     9.500000E-01     8.635395E-01
   7.500000E-01     1.000000E+00     9.318245E-01
   7.500000E-01     1.050000E+00     1.000000E+00
   8.000000E-01     0.000000E+00     0.000000E+00
   8.000000E-01     5.000000E-02    -9.234005E-04
   8.000000E-01     1.000000E-01    -2.699728E-03
   8.000000E-01     1.500000E-01    -3.519103E-03
   8.000000E-01     2.000000E-01    -1.053330E-03
   8.000000E-01     2.500000E-01     8.611662E-03
   8.000000E-01     3.000000E-01     2.936478E-02
   8.000000E-01     3.500000E-01     6.320071E-02
   8.000000E-01     4.000000E-01     1.095715E-01
   8.000000E-01     4.500000E-01     1.661553E-01
   8.000000E-01     5.000000E-01     2.300020E-01
   8.000000E-01     5.500000E-01     2.983341E-01
   8.000000E-01     6.000000E-01     3.689459E-01
   8.000000E-01     6.500000E-01     4.403474E-01
   8.000000E-01     7.000000E-01     5.117076E-01
   8.000000E-01     7.500000E-01     5.826630E-01
   8.000000E-01     8.000000E-01     6.531165E-01
   8.000000E-01     8.500000E-01     7.230949E-01
   8.000000E-01     9.000000E-01     7.926756E-01
   8.000000E-01     9.500000E-01     8.619532E-01
   8.000000E-01     1.000000E+00     9.310275E-01
   8.000000E-01     1.050000E+00     1.000000E+00
   8.500000E-01     0.000000E+00     0.000000E+00
   8.500000E-01     5.000000E-02    -1.209613E-03
   8.500000E-01     1.000000E-01    -3.475533E-03
   8.500000E-01     1.500000E-01    -4.457977E-03
   8.500000E-01     2.000000E-01    -1.410955E-03
   8.500000E-01     2.500000E-01     8.761082E-03
   8.500000E-01     3.000000E-01     2.928328E-02
   8.500000E-01     3.500000E-01     6.213956E-02
   8.500000E-01     4.000000E-01     1.072248E-01
   8.500000E-01     4.500000E-01     1.626434E-01
   8.500000E-01     5.000000E-01     2.256586E-01
   8.500000E-01     5.500000E-01     2.935420E-01
   8.500000E-01     6.000000E-01     3.640536E-01
   8.500000E-01     6.500000E-01     4.356288E-01
   8.500000E-01     7.000000E-01     5.073518E-01
   8.500000E-01     7.500000E-01     5.787909E-01
   8.500000E-01     8.000000E-01     6.498048E-01
   8.500000E-01     8.500000E-01     7.203945E-01
   8.500000E-01     9.000000E-01     7.906219E-01
   8.500000E-01     9.500000E-01     8.605707E-01
   8.500000E-01     1.000000E+00     9.303323E-01
   8.500000E-01     1.050000E+00     1.000000E+00
   9.000000E-01     0.000000E+00     0.000000E+00
   9.000000E-01     5.000000E-02    -1.352181E-03
   9.000000E-01     1.000000E-01    -3.822482E-03
   9.000000E-01     1.500000E-01    -4.766821E-03
   9.000000E-01     2.000000E-01    -1.392579E-03
   9.000000E-01     2.500000E-01     9.132041E-03
   9.000000E-01     3.000000E-01     2.956091E-02
   9.000000E-01     3.500000E-01     6.172330E-02
   9.000000E-01     4.000000E-01     1.057597E-01
   9.000000E-01     4.500000E-01     1.601287E-01
   9.000000E-01     5.000000E-01     2.223285E-01
   9.000000E-01     5.500000E-01     2.897146E-01
   9.000000E-01     6.000000E-01     3.600408E-01
   9.000000E-01     6.500000E-01     4.316881E-01
   9.000000E-01     7.000000E-01     5.036699E-01
   9.000000E-01     7.500000E-01     5.754912E-01
   9.000000E-01     8.000000E-01     6.469671E-01
   9.000000E-01     8.500000E-01     7.180719E-01
   9.000000E-01     9.000000E-01     7.888508E-01
   9.000000E-01     9.500000E-01     8.593765E-01
   9.000000E-01     1.000000E+00     9.297312E-01
   9.000000E-01     1.050000E+00     1.000000E+00
   9.500000E-01     0.000000E+00     0.000000E+00
   9.500000E-01     5.000000E-02    -1.388950E-03
   9.500000E-01     1.000000E-01    -3.874239E-03
   9.500000E-01     1.500000E-01    -4.670717E-03
   9.500000E-01     2.000000E-01    -1.019518E-03
   9.500000E-01     2.500000E-01     9.775997E-03
   9.500000E-01     3.000000E-01     3.017177E-02
   9.500000E-01     3.500000E-01     6.183188E-02
   9.500000E-01     4.000000E-01     1.050160E-01
   9.500000E-01     4.500000E-01     1.584543E-01
   9.500000E-01     5.000000E-01     2.198732E-01
   9.500000E-01     5.500000E-01     2.867366E-01
   9.500000E-01     6.000000E-01     3.568132E-01
   9.500000E-01     6.500000E-01     4.284491E-01
   9.500000E-01     7.000000E-01     5.005994E-01
   9.500000E-01     7.500000E-01     5.727129E-01
   9.500000E-01     8.000000E-01     6.445622E-01
   9.500000E-01     8.500000E-01     7.160947E-01
   9.500000E-01     9.000000E-01     7.873386E-01
   9.500000E-01     9.500000E-01     8.583549E-01
   9.500000E-01     1.000000E+00     9.292164E-01
   9.500000E-01     1.050000E+00     1.000000E+00
   1.000000E+00     0.000000E+00     0.000000E+00
   1.000000E+00     5.000000E-02    -1.362294E-03
   1.000000E+00     1.000000E-01    -3.741429E-03
   1.000000E+00     1.500000E-01    -4.313995E-03
   1.000000E+00     2.000000E-01    -3.636615E-04
   1.000000E+00     2.500000E-01     1.068176E-02
   1.000000E+00     3.000000E-01     3.108479E-02
   1.000000E+00     3.500000E-01     6.237600E-02
   1.000000E+00     4.000000E-01     1.048656E-01
   1.000000E+00     4.500000E-01     1.574856E-01
   1.000000E+00     5.000000E-01     2.181679E-01
   1.000000E+00     5.500000E-01     2.844981E-01
   1.000000E+00     6.000000E-01     3.542791E-01
   1.000000E+00     6.500000E-01     4.258362E-01
   1.000000E+00     7.000000E-01     4.980784E-01
   1.000000E+00     7.500000E-01     5.704052E-01
   1.000000E+00     8.000000E-01     6.425491E-01
   1.000000E+00     8.500000E-01     7.144310E-01
   1.000000E+00     9.000000E-01     7.860616E-01
   1.000000E+00     9.500000E-01     8.574901E-01
   1.000000E+00     1.000000E+00     9.287800E-01
   1.000000E+00     1.050000E+00     1.000000E+00
   1.050000E+00     0.000000E+00     0.000000E+00
   1.050000E+00     5.000000E-02    -1.296774E-03
   1.050000E+00     1.000000E-01    -3.492185E-03
   1.050000E+00     1.500000E-01    -3.779666E-03
   1.050000E+00     2.000000E-01     5.032838E-04
   1.050000E+00     2.500000E-01     1.181471E-02
   1.050000E+00     3.000000E-01     3.226872E-02
   1.050000E+00     3.500000E-01     6.328740E-02
   1.050000E+00     4.000000E-01     1.052045E-01
   1.050000E+00     4.500000E-01     1.571047E-01
   1.050000E+00     5.000000E-01     2.170998E-01
   1.050000E+00     5.500000E-01     2.828987E-01
   1.050000E+00     6.000000E-01     3.523513E-01
   1.050000E+00     6.500000E-01     4.237761E-01
   1.050000E+00     7.000000E-01     4.960462E-01
   1.050000E+00     7.500000E-01     5.685180E-01
   1.050000E+00     8.000000E-01     6.408873E-01
   1.050000E+00     8.500000E-01     7.130487E-01
   1.050000E+00     9.000000E-01     7.849961E-01
   1.050000E+00     9.500000E-01     8.567665E-01
   1.050000E+00     1.000000E+00     9.284143E-01
   1.050000E+00     1.050000E+00     1.000000E+00
   1.100000E+00     0.000000E+00     0.000000E+00
   1.100000E+00     5.000000E-02    -1.206435E-03
   1.100000E+00     1.000000E-01    -3.163612E-03
   1.100000E+00     1.500000E-01    -3.117101E-03
   1.100000E+00     2.000000E-01     1.527791E-03
   1.100000E+00     2.500000E-01     1.312756E-02
   1.100000E+00     3.000000E-01     3.367329E-02
   1.100000E+00     3.500000E-01     6.449839E-02
   1.100000E+00     4.000000E-01     1.059450E-01
   1.100000E+00     4.500000E-01     1.572132E-01
   1.100000E+00     5.000000E-01     2.165711E-01
   1.100000E+00     5.500000E-01     2.818478E-01
   1.100000E+00     6.000000E-01     3.509504E-01
   1.100000E+00     6.500000E-01     4.222006E-01
   1.100000E+00     7.000000E-01     4.944450E-01
   1.100000E+00     7.500000E-01     5.670032E-01
   1.100000E+00     8.000000E-01     6.395374E-01
   1.100000E+00     8.500000E-01     7.119171E-01
   1.100000E+00     9.000000E-01     7.841192E-01
   1.100000E+00     9.500000E-01     8.561691E-01
   1.100000E+00     1.000000E+00     9.281118E-01
   1.100000E+00     1.050000E+00     1.000000E+00
   1.150000E+00     0.000000E+00     0.000000E+00
   1.150000E+00     5.000000E-02    -1.099885E-03
   1.150000E+00     1.000000E-01    -2.780815E-03
   1.150000E+00     1.500000E-01    -2.362323E-03
   1.150000E+00     2.000000E-01     2.671340E-03
   1.150000E+00     2.500000E-01     1.458215E-02
   1.150000E+00     3.000000E-01     3.525673E-02
   1.150000E+00     3.500000E-01     6.595273E-02
   1.150000E+00     4.000000E-01     1.070124E-01
   1.150000E+00     4.500000E-01     1.577257E-01
   1.150000E+00     5.000000E-01     2.164947E-01
   1.150000E+00     5.500000E-01     2.812635E-01
   1.150000E+00     6.000000E-01     3.500023E-01
   1.150000E+00     6.500000E-01     4.210449E-01
   1.150000E+00     7.000000E-01     4.932197E-01
   1.150000E+00     7.500000E-01     5.658148E-01
   1.150000E+00     8.000000E-01     6.384619E-01
   1.150000E+00     8.500000E-01     7.110065E-01
   1.150000E+00     9.000000E-01     7.834090E-01
   1.150000E+00     9.500000E-01     8.556831E-01
   1.150000E+00     1.000000E+00     9.278652E-01
   1.150000E+00     1.050000E+00     1.000000E+00
   1.200000E+00     0.000000E+00     0.000000E+00
   1.200000E+00     5.000000E-02    -9.828130E-04
   1.200000E+00     1.000000E-01    -2.361215E-03
   1.200000E+00     1.500000E-01    -1.542415E-03
   1.200000E+00     2.000000E-01     3.902619E-03
   1.200000E+00     2.500000E-01     1.614530E-02
   1.200000E+00     3.000000E-01     3.698075E-02
   1.200000E+00     3.500000E-01     6.760035E-02
   1.200000E+00     4.000000E-01     1.083420E-01
   1.200000E+00     4.500000E-01     1.585670E-01
   1.200000E+00     5.000000E-01     2.167929E-01
   1.200000E+00     5.500000E-01     2.810716E-01
   1.200000E+00     6.000000E-01     3.494393E-01
   1.200000E+00     6.500000E-01     4.202497E-01
   1.200000E+00     7.000000E-01     4.923191E-01
   1.200000E+00     7.500000E-01     5.649096E-01
   1.200000E+00     8.000000E-01     6.376251E-01
   1.200000E+00     8.500000E-01     7.102886E-01
   1.200000E+00     9.000000E-01     7.828444E-01
   1.200000E+00     9.500000E-01     8.552948E-01
   1.200000E+00     1.000000E+00     9.276675E-01
   1.200000E+00     1.050000E+00     1.000000E+00
   1.250000E+00     0.000000E+00     0.000000E+00
   1.250000E+00     5.000000E-02    -8.585176E-04
   1.250000E+00     1.000000E-01    -1.916448E-03
   1.250000E+00     1.500000E-01    -6.774592E-04
   1.250000E+00     2.000000E-01     5.196129E-03
   1.250000E+00     2.500000E-01     1.778806E-02
   1.250000E+00     3.000000E-01     3.881103E-02
   1.250000E+00     3.500000E-01     6.939702E-02
   1.250000E+00     4.000000E-01     1.098773E-01
   1.250000E+00     4.500000E-01     1.596711E-01
   1.250000E+00     5.000000E-01     2.173963E-01
   1.250000E+00     5.500000E-01     2.812050E-01
   1.250000E+00     6.000000E-01     3.491999E-01
   1.250000E+00     6.500000E-01     4.197602E-01
   1.250000E+00     7.000000E-01     4.916958E-01
   1.250000E+00     7.500000E-01     5.642473E-01
   1.250000E+00     8.000000E-01     6.369937E-01
   1.250000E+00     8.500000E-01     7.097370E-01
   1.250000E+00     9.000000E-01     7.824056E-01
   1.250000E+00     9.500000E-01     8.549911E-01
   1.250000E+00     1.000000E+00     9.275123E-01
   1.250000E+00     1.050000E+00     1.000000E+00
   1.300000E+00     0.000000E+00     0.000000E+00
   1.300000E+00     5.000000E-02    -7.282110E-04
   1.300000E+00     1.000000E-01    -1.454030E-03
   1.300000E+00     1.500000E-01     2.172107E-04
   1.300000E+00     2.000000E-01     6.530731E-03
   1.300000E+00     2.500000E-01     1.948504E-02
   1.300000E+00     3.000000E-01     4.071616E-02
   1.300000E+00     3.500000E-01     7.130341E-02
   1.300000E+00     4.000000E-01     1.115697E-01
   1.300000E+00     4.500000E-01     1.609814E-01
   1.300000E+00     5.000000E-01     2.182445E-01
   1.300000E+00     5.500000E-01     2.816037E-01
   1.300000E+00     6.000000E-01     3.492280E-01
   1.300000E+00     6.500000E-01     4.195257E-01
   1.300000E+00     7.000000E-01     4.913056E-01
   1.300000E+00     7.500000E-01     5.637904E-01
   1.300000E+00     8.000000E-01     6.365369E-01
   1.300000E+00     8.500000E-01     7.093270E-01
   1.300000E+00     9.000000E-01     7.820743E-01
   1.300000E+00     9.500000E-01     8.547594E-01
   1.300000E+00     1.000000E+00     9.273934E-01
   1.300000E+00     1.050000E+00     1.000000E+00
   1.350000E+00     0.000000E+00     0.000000E+00
   1.350000E+00     5.000000E-02    -5.943059E-04
   1.350000E+00     1.000000E-01    -9.812371E-04
   1.350000E+00     1.500000E-01     1.128758E-03
   1.350000E+00     2.000000E-01     7.888628E-03
   1.350000E+00     2.500000E-01     2.121432E-02
   1.350000E+00     3.000000E-01     4.267025E-02
   1.350000E+00     3.500000E-01     7.328647E-02
   1.350000E+00     4.000000E-01     1.133767E-01
   1.350000E+00     4.500000E-01     1.624474E-01
   1.350000E+00     5.000000E-01     2.192827E-01
   1.350000E+00     5.500000E-01     2.822132E-01
   1.350000E+00     6.000000E-01     3.494727E-01
   1.350000E+00     6.500000E-01     4.195005E-01
   1.350000E+00     7.000000E-01     4.911084E-01
   1.350000E+00     7.500000E-01     5.635046E-01
   1.350000E+00     8.000000E-01     6.362259E-01
   1.350000E+00     8.500000E-01     7.090357E-01
   1.350000E+00     9.000000E-01     7.818331E-01
   1.350000E+00     9.500000E-01     8.545885E-01
   1.350000E+00     1.000000E+00     9.273050E-01
   1.350000E+00     1.050000E+00     1.000000E+00
   1.400000E+00     0.000000E+00     0.000000E+00
   1.400000E+00     5.000000E-02    -4.597765E-04
   1.400000E+00     1.000000E-01    -5.056834E-04
   1.400000E+00     1.500000E-01     2.045551E-03
   1.400000E+00     2.000000E-01     9.254177E-03
   1.400000E+00     2.500000E-01     2.295602E-02
   1.400000E+00     3.000000E-01     4.464770E-02
   1.400000E+00     3.500000E-01     7.531399E-02
   1.400000E+00     4.000000E-01     1.152592E-01
   1.400000E+00     4.500000E-01     1.640243E-01
   1.400000E+00     5.000000E-01     2.204632E-01
   1.400000E+00     5.500000E-01     2.829859E-01
   1.400000E+00     6.000000E-01     3.498883E-01
   1.400000E+00     6.500000E-01     4.196429E-01
   1.400000E+00     7.000000E-01     4.910673E-01
   1.400000E+00     7.500000E-01     5.633581E-01
   1.400000E+00     8.000000E-01     6.360342E-01
   1.400000E+00     8.500000E-01     7.088418E-01
   1.400000E+00     9.000000E-01     7.816663E-01
   1.400000E+00     9.500000E-01     8.544677E-01
   1.400000E+00     1.000000E+00     9.272418E-01
   1.400000E+00     1.050000E+00     1.000000E+00
   1.450000E+00     0.000000E+00     0.000000E+00
   1.450000E+00     5.000000E-02    -3.268884E-04
   1.450000E+00     1.000000E-01    -3.326814E-05
   1.450000E+00     1.500000E-01     2.957845E-03
   1.450000E+00     2.000000E-01     1.061372E-02
   1.450000E+00     2.500000E-01     2.469213E-02
   1.450000E+00     3.000000E-01     4.662592E-02
   1.450000E+00     3.500000E-01     7.735770E-02
   1.450000E+00     4.000000E-01     1.171827E-01
   1.450000E+00     4.500000E-01     1.656725E-01
   1.450000E+00     5.000000E-01     2.217435E-01
   1.450000E+00     5.500000E-01     2.838786E-01
   1.450000E+00     6.000000E-01     3.504338E-01
   1.450000E+00     6.500000E-01     4.199153E-01
   1.450000E+00     7.000000E-01     4.911488E-01
   1.450000E+00     7.500000E-01     5.633220E-01
   1.450000E+00     8.000000E-01     6.359378E-01
   1.450000E+00     8.500000E-01     7.087262E-01
   1.450000E+00     9.000000E-01     7.815593E-01
   1.450000E+00     9.500000E-01     8.543873E-01
   1.450000E+00     1.000000E+00     9.271991E-01
   1.450000E+00     1.050000E+00     1.000000E+00
   1.500000E+00     0.000000E+00     0.000000E+00
   1.500000E+00     5.000000E-02    -1.963334E-04
   1.500000E+00     1.000000E-01     4.322838E-04
   1.500000E+00     1.500000E-01     3.857704E-03
   1.500000E+00     2.000000E-01     1.195507E-02
   1.500000E+00     2.500000E-01     2.640638E-02
   1.500000E+00     3.000000E-01     4.858429E-02
   1.500000E+00     3.500000E-01     7.939198E-02
   1.500000E+00     4.000000E-01     1.191162E-01
   1.500000E+00     4.500000E-01     1.673563E-01
   1.500000E+00     5.000000E-01     2.230850E-01
   1.500000E+00     5.500000E-01     2.848526E-01
   1.500000E+00     6.000000E-01     3.510718E-01
   1.500000E+00     6.500000E-01     4.202832E-01
   1.500000E+00     7.000000E-01     4.913223E-01
   1.500000E+00     7.500000E-01     5.633700E-01
   1.500000E+00     8.000000E-01     6.359147E-01
   1.500000E+00     8.500000E-01     7.086711E-01
   1.500000E+00     9.000000E-01     7.814988E-01
   1.500000E+00     9.500000E-01     8.543386E-01
   1.500000E+00     1.000000E+00     9.271723E-01
   1.500000E+00     1.050000E+00     1.000000E+00
   1.550000E+00     0.000000E+00     0.000000E+00
   1.550000E+00     5.000000E-02    -6.735432E-05
   1.550000E+00     1.000000E-01     8.892196E-04
   1.550000E+00     1.500000E-01     4.738725E-03
   1.550000E+00     2.000000E-01     1.326730E-02
   1.550000E+00     2.500000E-01     2.808372E-02
   1.550000E+00     3.000000E-01     5.050322E-02
   1.550000E+00     3.500000E-01     8.139293E-02
   1.550000E+00     4.000000E-01     1.210318E-01
   1.550000E+00     4.500000E-01     1.690436E-01
   1.550000E+00     5.000000E-01     2.244527E-01
   1.550000E+00     5.500000E-01     2.858720E-01
   1.550000E+00     6.000000E-01     3.517682E-01
   1.550000E+00     6.500000E-01     4.207155E-01
   1.550000E+00     7.000000E-01     4.915602E-01
   1.550000E+00     7.500000E-01     5.634782E-01
   1.550000E+00     8.000000E-01     6.359449E-01
   1.550000E+00     8.500000E-01     7.086607E-01
   1.550000E+00     9.000000E-01     7.814730E-01
   1.550000E+00     9.500000E-01     8.543136E-01
   1.550000E+00     1.000000E+00     9.271575E-01
   1.550000E+00     1.050000E+00     1.000000E+00
   1.600000E+00     0.000000E+00     0.000000E+00
   1.600000E+00     5.000000E-02     5.884439E-05
   1.600000E+00     1.000000E-01     1.333877E-03
   1.600000E+00     1.500000E-01     5.593736E-03
   1.600000E+00     2.000000E-01     1.453934E-02
   1.600000E+00     2.500000E-01     2.970941E-02
   1.600000E+00     3.000000E-01     5.236483E-02
   1.600000E+00     3.500000E-01     8.333881E-02
   1.600000E+00     4.000000E-01     1.229032E-01
   1.600000E+00     4.500000E-01     1.707045E-01
   1.600000E+00     5.000000E-01     2.258147E-01
   1.600000E+00     5.500000E-01     2.869044E-01
   1.600000E+00     6.000000E-01     3.524918E-01
   1.600000E+00     6.500000E-01     4.211833E-01
   1.600000E+00     7.000000E-01     4.918371E-01
   1.600000E+00     7.500000E-01     5.636250E-01
   1.600000E+00     8.000000E-01     6.360105E-01
   1.600000E+00     8.500000E-01     7.086807E-01
   1.600000E+00     9.000000E-01     7.814712E-01
   1.600000E+00     9.500000E-01     8.543052E-01
   1.600000E+00     1.000000E+00     9.271513E-01
   1.600000E+00     1.050000E+00     1.000000E+00
   1.650000E+00     0.000000E+00     0.000000E+00
   1.650000E+00     5.000000E-02     1.798246E-04
   1.650000E+00     1.000000E-01     1.760612E-03
   1.650000E+00     1.500000E-01     6.414249E-03
   1.650000E+00     2.000000E-01     1.575940E-02
   1.650000E+00     2.500000E-01     3.126798E-02
   1.650000E+00     3.000000E-01     5.414961E-02
   1.650000E+00     3.500000E-01     8.520641E-02
   1.650000E+00     4.000000E-01     1.247041E-01
   1.650000E+00     4.500000E-01     1.723102E-01
   1.650000E+00     5.000000E-01     2.271407E-01
   1.650000E+00     5.500000E-01     2.879201E-01
   1.650000E+00     6.000000E-01     3.532144E-01
   1.650000E+00     6.500000E-01     4.216612E-01
   1.650000E+00     7.000000E-01     4.921305E-01
   1.650000E+00     7.500000E-01     5.637912E-01
   1.650000E+00     8.000000E-01     6.360958E-01
   1.650000E+00     8.500000E-01     7.087185E-01
   1.650000E+00     9.000000E-01     7.814841E-01
   1.650000E+00     9.500000E-01     8.543071E-01
   1.650000E+00     1.000000E+00     9.271504E-01
   1.650000E+00     1.050000E+00     1.000000E+00
   1.700000E+00     0.000000E+00     0.000000E+00
   1.700000E+00     5.000000E-02     2.937184E-04
   1.700000E+00     1.000000E-01     2.164413E-03
   1.700000E+00     1.500000E-01     7.191660E-03
   1.700000E+00     2.000000E-01     1.691493E-02
   1.700000E+00     2.500000E-01     3.274287E-02
   1.700000E+00     3.000000E-01     5.583747E-02
   1.700000E+00     3.500000E-01     8.697235E-02
   1.700000E+00     4.000000E-01     1.264082E-01
   1.700000E+00     4.500000E-01     1.738329E-01
   1.700000E+00     5.000000E-01     2.284025E-01
   1.700000E+00     5.500000E-01     2.888913E-01
   1.700000E+00     6.000000E-01     3.539102E-01
   1.700000E+00     6.500000E-01     4.221260E-01
   1.700000E+00     7.000000E-01     4.924204E-01
   1.700000E+00     7.500000E-01     5.639600E-01
   1.700000E+00     8.000000E-01     6.361870E-01
   1.700000E+00     8.500000E-01     7.087636E-01
   1.700000E+00     9.000000E-01     7.815039E-01
   1.700000E+00     9.500000E-01     8.543144E-01
   1.700000E+00     1.000000E+00     9.271524E-01
   1.700000E+00     1.050000E+00     1.000000E+00
   1.750000E+00     0.000000E+00     0.000000E+00
   1.750000E+00     5.000000E-02     3.996688E-04
   1.750000E+00     1.000000E-01     2.541011E-03
   1.750000E+00     1.500000E-01     7.916925E-03
   1.750000E+00     2.000000E-01     1.799201E-02
   1.750000E+00     2.500000E-01     3.411568E-02
   1.750000E+00     3.000000E-01     5.740624E-02
   1.750000E+00     3.500000E-01     8.861150E-02
   1.750000E+00     4.000000E-01     1.279885E-01
   1.750000E+00     4.500000E-01     1.752442E-01
   1.750000E+00     5.000000E-01     2.295722E-01
   1.750000E+00     5.500000E-01     2.897919E-01
   1.750000E+00     6.000000E-01     3.545554E-01
   1.750000E+00     6.500000E-01     4.225572E-01
   1.750000E+00     7.000000E-01     4.926895E-01
   1.750000E+00     7.500000E-01     5.641171E-01
   1.750000E+00     8.000000E-01     6.362728E-01
   1.750000E+00     8.500000E-01     7.088071E-01
   1.750000E+00     9.000000E-01     7.815241E-01
   1.750000E+00     9.500000E-01     8.543228E-01
   1.750000E+00     1.000000E+00     9.271552E-01
   1.750000E+00     1.050000E+00     1.000000E+00
   1.800000E+00     0.000000E+00     0.000000E+00
   1.800000E+00     5.000000E-02     4.975484E-04
   1.800000E+00     1.000000E-01     2.886367E-03
   1.800000E+00     1.500000E-01     8.579751E-03
   1.800000E+00     2.000000E-01     1.897418E-02
   1.800000E+00     2.500000E-01     3.536478E-02
   1.800000E+00     3.000000E-01     5.883008E-02
   1.800000E+00     3.500000E-01     9.009557E-02
   1.800000E+00     4.000000E-01     1.294158E-01
   1.800000E+00     4.500000E-01     1.765154E-01
   1.800000E+00     5.000000E-01     2.306221E-01
   1.800000E+00     5.500000E-01     2.905967E-01
   1.800000E+00     6.000000E-01     3.551282E-01
   1.800000E+00     6.500000E-01     4.229361E-01
   1.800000E+00     7.000000E-01     4.929229E-01
   1.800000E+00     7.500000E-01     5.642510E-01
   1.800000E+00     8.000000E-01     6.363443E-01
   1.800000E+00     8.500000E-01     7.088425E-01
   1.800000E+00     9.000000E-01     7.815402E-01
   1.800000E+00     9.500000E-01     8.543293E-01
   1.800000E+00     1.000000E+00     9.271574E-01
   1.800000E+00     1.050000E+00     1.000000E+00
   1.850000E+00     0.000000E+00     0.000000E+00
   1.850000E+00     5.000000E-02     5.849675E-04
   1.850000E+00     1.000000E-01     3.192798E-03
   1.850000E+00     1.500000E-01     9.165551E-03
   1.850000E+00     2.000000E-01     1.983988E-02
   1.850000E+00     2.500000E-01     3.646288E-02
   1.850000E+00     3.000000E-01     6.007819E-02
   1.850000E+00     3.500000E-01     9.139175E-02
   1.850000E+00     4.000000E-01     1.306569E-01
   1.850000E+00     4.500000E-01     1.776148E-01
   1.850000E+00     5.000000E-01     2.315239E-01
   1.850000E+00     5.500000E-01     2.912812E-01
   1.850000E+00     6.000000E-01     3.556089E-01
   1.850000E+00     6.500000E-01     4.232480E-01
   1.850000E+00     7.000000E-01     4.931097E-01
   1.850000E+00     7.500000E-01     5.643539E-01
   1.850000E+00     8.000000E-01     6.363960E-01
   1.850000E+00     8.500000E-01     7.088659E-01
   1.850000E+00     9.000000E-01     7.815494E-01
   1.850000E+00     9.500000E-01     8.543323E-01
   1.850000E+00     1.000000E+00     9.271581E-01
   1.850000E+00     1.050000E+00     1.000000E+00
   1.900000E+00     0.000000E+00     0.000000E+00
   1.900000E+00     5.000000E-02     6.578938E-04
   1.900000E+00     1.000000E-01     3.448164E-03
   1.900000E+00     1.500000E-01     9.653362E-03
   1.900000E+00     2.000000E-01     2.055948E-02
   1.900000E+00     2.500000E-01     3.737369E-02
   1.900000E+00     3.000000E-01     6.110997E-02
   1.900000E+00     3.500000E-01     9.245860E-02
   1.900000E+00     4.000000E-01     1.316724E-01
   1.900000E+00     4.500000E-01     1.785074E-01
   1.900000E+00     5.000000E-01     2.322481E-01
   1.900000E+00     5.500000E-01     2.918228E-01
   1.900000E+00     6.000000E-01     3.559809E-01
   1.900000E+00     6.500000E-01     4.234815E-01
   1.900000E+00     7.000000E-01     4.932425E-01
   1.900000E+00     7.500000E-01     5.644214E-01
   1.900000E+00     8.000000E-01     6.364256E-01
   1.900000E+00     8.500000E-01     7.088761E-01
   1.900000E+00     9.000000E-01     7.815511E-01
   1.900000E+00     9.500000E-01     8.543314E-01
   1.900000E+00     1.000000E+00     9.271572E-01
   1.900000E+00     1.050000E+00     1.000000E+00
   1.950000E+00     0.000000E+00     0.000000E+00
   1.950000E+00     5.000000E-02     7.114552E-04
   1.950000E+00     1.000000E-01     3.637323E-03
   1.950000E+00     1.500000E-01     1.001483E-02
   1.950000E+00     2.000000E-01     2.109247E-02
   1.950000E+00     2.500000E-01     3.804735E-02
   1.950000E+00     3.000000E-01     6.187072E-02
   1.950000E+00     3.500000E-01     9.324108E-02
   1.950000E+00     4.000000E-01     1.324117E-01
   1.950000E+00     4.500000E-01     1.791507E-01
   1.950000E+00     5.000000E-01     2.327630E-01
   1.950000E+00     5.500000E-01     2.922005E-01
   1.950000E+00     6.000000E-01     3.562330E-01
   1.950000E+00     6.500000E-01     4.236328E-01
   1.950000E+00     7.000000E-01     4.933224E-01
   1.950000E+00     7.500000E-01     5.644566E-01
   1.950000E+00     8.000000E-01     6.364364E-01
   1.950000E+00     8.500000E-01     7.088759E-01
   1.950000E+00     9.000000E-01     7.815475E-01
   1.950000E+00     9.500000E-01     8.543280E-01
   1.950000E+00     1.000000E+00     9.271556E-01
   1.950000E+00     1.050000E+00     1.000000E+00
   2.000000E+00     0.000000E+00     0.000000E+00
   2.000000E+00     5.000000E-02     7.421996E-04
   2.000000E+00     1.000000E-01     3.742722E-03
   2.000000E+00     1.500000E-01     1.021395E-02
   2.000000E+00     2.000000E-01     2.138557E-02
   2.000000E+00     2.500000E-01     3.841797E-02
   2.000000E+00     3.000000E-01     6.228921E-02
   2.000000E+00     3.500000E-01     9.367035E-02
   2.000000E+00     4.000000E-01     1.328149E-01
   2.000000E+00     4.500000E-01     1.794980E-01
   2.000000E+00     5.000000E-01     2.330368E-01
   2.000000E+00     5.500000E-01     2.923965E-01
   2.000000E+00     6.000000E-01     3.563591E-01
   2.000000E+00     6.500000E-01     4.237039E-01
   2.000000E+00     7.000000E-01     4.933558E-01
   2.000000E+00     7.500000E-01     5.644675E-01
   2.000000E+00     8.000000E-01     6.364362E-01
   2.000000E+00     8.500000E-01     7.088717E-01
   2.000000E+00     9.000000E-01     7.815429E-01
   2.000000E+00     9.500000E-01     8.543246E-01
   2.000000E+00     1.000000E+00     9.271540E-01
   2.000000E+00     1.050000E+00     1.000000E+00
   2.050000E+00     0.000000E+00     0.000000E+00
   2.050000E+00     5.000000E-02     7.419956E-04
   2.050000E+00     1.000000E-01     3.742082E-03
   2.050000E+00     1.500000E-01     1.021301E-02
   2.050000E+00     2.000000E-01     2.138463E-02
   2.050000E+00     2.500000E-01     3.841730E-02
   2.050000E+00     3.000000E-01     6.228898E-02
   2.050000E+00     3.500000E-01     9.367062E-02
   2.050000E+00     4.000000E-01     1.328157E-01
   2.050000E+00     4.500000E-01     1.794991E-01
   2.050000E+00     5.000000E-01     2.330381E-01
   2.050000E+00     5.500000E-01     2.923979E-01
   2.050000E+00     6.000000E-01     3.563605E-01
   2.050000E+00     6.500000E-01     4.237052E-01
   2.050000E+00     7.000000E-01     4.933569E-01
   2.050000E+00     7.500000E-01     5.644685E-01
   2.050000E+00     8.000000E-01     6.364370E-01
   2.050000E+00     8.500000E-01     7.088723E-01
   2.050000E+00     9.000000E-01     7.815434E-01
   2.050000E+00     9.500000E-01     8.543249E-01
   2.050000E+00     1.000000E+00     9.271541E-01
   2.050000E+00     1.050000E+00     1.000000E+00
