# X            Y            Omega
   0.000000E+00     0.000000E+00     0.000000E+00
   0.000000E+00     5.000000E-02     0.000000E+00
   0.000000E+00     1.000000E-01     0.000000E+00
   0.000000E+00     1.500000E-01     0.000000E+00
   0.000000E+00     2.000000E-01     0.000000E+00
   0.000000E+00     2.500000E-01     0.000000E+00
   0.000000E+00     3.000000E-01     0.000000E+00
   0.000000E+00     3.500000E-01     0.000000E+00
   0.000000E+00     4.000000E-01     0.000000E+00
   0.000000E+00     4.500000E-01     0.000000E+00
   0.000000E+00     5.000000E-01     0.000000E+00
   0.000000E+00     5.500000E-01     0.000000E+00
   0.000000E+00     6.000000E-01     0.000000E+00
   0.000000E+00     6.500000E-01     0.000000E+00
   0.000000E+00     7.000000E-01     0.000000E+00
   0.000000E+00     7.500000E-01     0.000000E+00
   0.000000E+00     8.000000E-01     0.000000E+00
   0.000000E+00     8.500000E-01     0.000000E+00
   0.000000E+00     9.000000E-01     0.000000E+00
   0.000000E+00     9.500000E-01     0.000000E+00
   0.000000E+00     1.000000E+00     0.000000E+00
   0.000000E+00     1.050000E+00     0.000000E+00
   5.000000E-02     0.000000E+00    -2.174971E+01
   5.000000E-02     5.000000E-02    -1.866280E+01
   5.000000E-02     1.000000E-01    -1.042049E+01
   5.000000E-02     1.500000E-01    -5.504042E+00
   5.000000E-02     2.000000E-01    -3.013753E+00
   5.000000E-02     2.500000E-01    -1.515024E+00
   5.000000E-02     3.000000E-01    -6.398405E-01
   5.000000E-02     3.500000E-01    -2.265619E-01
   5.000000E-02     4.000000E-01    -7.003440E-02
   5.000000E-02     4.500000E-01    -1.986680E-02
   5.000000E-02     5.000000E-01    -4.928861E-03
   5.000000E-02     5.500000E-01    -5.075898E-04
   5.000000E-02     6.000000E-01     4.861159E-04
   5.000000E-02     6.500000E-01     4.621887E-04
   5.000000E-02     7.000000E-01     2.470156E-04
   5.000000E-02     7.500000E-01     1.109465E-04
   5.000000E-02     8.000000E-01     5.279994E-05
   5.000000E-02     8.500000E-01     2.468292E-05
   5.000000E-02     9.000000E-01     1.068840E-05
   5.000000E-02     9.500000E-01     4.564148E-06
   5.000000E-02     1.000000E+00     1.917660E-06
   5.000000E-02     1.050000E+00     0.000000E+00
   1.000000E-01     0.000000E+00    -6.056530E+00
   1.000000E-01     5.000000E-02    -1.186309E+01
   1.000000E-01     1.000000E-01    -1.136090E+01
   1.000000E-01     1.500000E-01    -8.165678E+00
   1.000000E-01     2.000000E-01    -5.109769E+00
   1.000000E-01     2.500000E-01    -2.800128E+00
   1.000000E-01     3.000000E-01    -1.344874E+00
   1.000000E-01     3.500000E-01    -5.563312E-01
   1.000000E-01     4.000000E-01    -1.983746E-01
   1.000000E-01     4.500000E-01    -6.193208E-02
   1.000000E-01     5.000000E-01    -1.691100E-02
   1.000000E-01     5.500000E-01    -3.763996E-03
   1.000000E-01     6.000000E-01    -3.985397E-04
   1.000000E-01     6.500000E-01     2.820778E-04
   1.000000E-01     7.000000E-01     2.699580E-04
   1.000000E-01     7.500000E-01     1.520435E-04
   1.000000E-01     8.000000E-01     7.718550E-05
   1.000000E-01     8.500000E-01     3.673242E-05
   1.000000E-01     9.000000E-01     1.586949E-05
   1.000000E-01     9.500000E-01     6.542720E-06
   1.000000E-01     1.000000E+00     2.618603E-06
   1.000000E-01     1.050000E+00     0.000000E+00
   1.500000E-01     0.000000E+00     1.101087E-01
   1.500000E-01     5.000000E-02    -5.960995E+00
   1.500000E-01     1.000000E-01    -9.244260E+00
   1.500000E-01     1.500000E-01    -8.853202E+00
   1.500000E-01     2.000000E-01    -6.699743E+00
   1.500000E-01     2.500000E-01    -4.226318E+00
   1.500000E-01     3.000000E-01    -2.282165E+00
   1.500000E-01     3.500000E-01    -1.061928E+00
   1.500000E-01     4.000000E-01    -4.280255E-01
   1.500000E-01     4.500000E-01    -1.517030E-01
   1.500000E-01     5.000000E-01    -4.707466E-02
   1.500000E-01     5.500000E-01    -1.233504E-02
   1.500000E-01     6.000000E-01    -2.509928E-03
   1.500000E-01     6.500000E-01    -1.379428E-04
   1.500000E-01     7.000000E-01     2.497853E-04
   1.500000E-01     7.500000E-01     1.935877E-04
   1.500000E-01     8.000000E-01     1.000646E-04
   1.500000E-01     8.500000E-01     4.907932E-05
   1.500000E-01     9.000000E-01     2.313887E-05
   1.500000E-01     9.500000E-01     9.564716E-06
   1.500000E-01     1.000000E+00     3.421517E-06
   1.500000E-01     1.050000E+00     0.000000E+00
   2.000000E-01     0.000000E+00     1.327932E+00
   2.000000E-01     5.000000E-02    -3.170024E+00
   2.000000E-01     1.000000E-01    -6.830016E+00
   2.000000E-01     1.500000E-01    -8.156093E+00
   2.000000E-01     2.000000E-01    -7.396508E+00
   2.000000E-01     2.500000E-01    -5.431807E+00
   2.000000E-01     3.000000E-01    -3.327304E+00
   2.000000E-01     3.500000E-01    -1.729056E+00
   2.000000E-01     4.000000E-01    -7.705416E-01
   2.000000E-01     4.500000E-01    -3.002325E-01
   2.000000E-01     5.000000E-01    -1.030381E-01
   2.000000E-01     5.500000E-01    -3.097976E-02
   2.000000E-01     6.000000E-01    -8.204084E-03
   2.000000E-01     6.500000E-01    -1.721208E-03
   2.000000E-01     7.000000E-01    -6.245543E-05
   2.000000E-01     7.500000E-01     2.150406E-04
   2.000000E-01     8.000000E-01     1.322693E-04
   2.000000E-01     8.500000E-01     5.910886E-05
   2.000000E-01     9.000000E-01     2.738483E-05
   2.000000E-01     9.500000E-01     1.251451E-05
   2.000000E-01     1.000000E+00     4.394784E-06
   2.000000E-01     1.050000E+00     0.000000E+00
   2.500000E-01     0.000000E+00     1.481518E+00
   2.500000E-01     5.000000E-02    -1.769261E+00
   2.500000E-01     1.000000E-01    -4.881513E+00
   2.500000E-01     1.500000E-01    -6.866823E+00
   2.500000E-01     2.000000E-01    -7.271887E+00
   2.500000E-01     2.500000E-01    -6.155228E+00
   2.500000E-01     3.000000E-01    -4.273855E+00
   2.500000E-01     3.500000E-01    -2.482058E+00
   2.500000E-01     4.000000E-01    -1.225952E+00
   2.500000E-01     4.500000E-01    -5.247357E-01
   2.500000E-01     5.000000E-01    -1.967512E-01
   2.500000E-01     5.500000E-01    -6.403123E-02
   2.500000E-01     6.000000E-01    -1.818637E-02
   2.500000E-01     6.500000E-01    -4.545384E-03
   2.500000E-01     7.000000E-01    -9.056448E-04
   2.500000E-01     7.500000E-01     4.929480E-05
   2.500000E-01     8.000000E-01     1.393923E-04
   2.500000E-01     8.500000E-01     7.780187E-05
   2.500000E-01     9.000000E-01     3.480927E-05
   2.500000E-01     9.500000E-01     1.511625E-05
   2.500000E-01     1.000000E+00     5.616252E-06
   2.500000E-01     1.050000E+00     0.000000E+00
   3.000000E-01     0.000000E+00     1.621007E+00
   3.000000E-01     5.000000E-02    -9.126246E-01
   3.000000E-01     1.000000E-01    -3.557356E+00
   3.000000E-01     1.500000E-01    -5.644444E+00
   3.000000E-01     2.000000E-01    -6.659498E+00
   3.000000E-01     2.500000E-01    -6.381603E+00
   3.000000E-01     3.000000E-01    -4.979441E+00
   3.000000E-01     3.500000E-01    -3.214358E+00
   3.000000E-01     4.000000E-01    -1.739892E+00
   3.000000E-01     4.500000E-01    -8.066460E-01
   3.000000E-01     5.000000E-01    -3.275907E-01
   3.000000E-01     5.500000E-01    -1.174650E-01
   3.000000E-01     6.000000E-01    -3.701659E-02
   3.000000E-01     6.500000E-01    -1.006902E-02
   3.000000E-01     7.000000E-01    -2.283946E-03
   3.000000E-01     7.500000E-01    -2.777498E-04
   3.000000E-01     8.000000E-01     7.715310E-05
   3.000000E-01     8.500000E-01     7.548190E-05
   3.000000E-01     9.000000E-01     4.093749E-05
   3.000000E-01     9.500000E-01     1.887097E-05
   3.000000E-01     1.000000E+00     7.039638E-06
   3.000000E-01     1.050000E+00     0.000000E+00
   3.500000E-01     0.000000E+00     1.676462E+00
   3.500000E-01     5.000000E-02    -4.302257E-01
   3.500000E-01     1.000000E-01    -2.745196E+00
   3.500000E-01     1.500000E-01    -4.718291E+00
   3.500000E-01     2.000000E-01    -5.829490E+00
   3.500000E-01     2.500000E-01    -6.234222E+00
   3.500000E-01     3.000000E-01    -5.388279E+00
   3.500000E-01     3.500000E-01    -3.837684E+00
   3.500000E-01     4.000000E-01    -2.291966E+00
   3.500000E-01     4.500000E-01    -1.156229E+00
   3.500000E-01     5.000000E-01    -5.012153E-01
   3.500000E-01     5.500000E-01    -1.897741E-01
   3.500000E-01     6.000000E-01    -6.394689E-02
   3.500000E-01     6.500000E-01    -1.922867E-02
   3.500000E-01     7.000000E-01    -5.013231E-03
   3.500000E-01     7.500000E-01    -9.528277E-04
   3.500000E-01     8.000000E-01    -5.547848E-05
   3.500000E-01     8.500000E-01     5.772185E-05
   3.500000E-01     9.000000E-01     4.238163E-05
   3.500000E-01     9.500000E-01     2.148009E-05
   3.500000E-01     1.000000E+00     8.200802E-06
   3.500000E-01     1.050000E+00     0.000000E+00
   4.000000E-01     0.000000E+00     1.706290E+00
   4.000000E-01     5.000000E-02    -2.707530E-01
   4.000000E-01     1.000000E-01    -2.484835E+00
   4.000000E-01     1.500000E-01    -4.093161E+00
   4.000000E-01     2.000000E-01    -5.219458E+00
   4.000000E-01     2.500000E-01    -5.957645E+00
   4.000000E-01     3.000000E-01    -5.604702E+00
   4.000000E-01     3.500000E-01    -4.306134E+00
   4.000000E-01     4.000000E-01    -2.760868E+00
   4.000000E-01     4.500000E-01    -1.508038E+00
   4.000000E-01     5.000000E-01    -7.081075E-01
   4.000000E-01     5.500000E-01    -2.878961E-01
   4.000000E-01     6.000000E-01    -1.026417E-01
   4.000000E-01     6.500000E-01    -3.262045E-02
   4.000000E-01     7.000000E-01    -9.202787E-03
   4.000000E-01     7.500000E-01    -2.136532E-03
   4.000000E-01     8.000000E-01    -3.472411E-04
   4.000000E-01     8.500000E-01     8.997111E-07
   4.000000E-01     9.000000E-01     3.555472E-05
   4.000000E-01     9.500000E-01     2.355563E-05
   4.000000E-01     1.000000E+00     9.604835E-06
   4.000000E-01     1.050000E+00     0.000000E+00
   4.500000E-01     0.000000E+00     1.401911E+00
   4.500000E-01     5.000000E-02    -6.063802E-01
   4.500000E-01     1.000000E-01    -2.445796E+00
   4.500000E-01     1.500000E-01    -2.753991E+00
   4.500000E-01     2.000000E-01    -6.262812E+00
   4.500000E-01     2.500000E-01    -6.108484E+00
   4.500000E-01     3.000000E-01    -5.598233E+00
   4.500000E-01     3.500000E-01    -4.700035E+00
   4.500000E-01     4.000000E-01    -3.255557E+00
   4.500000E-01     4.500000E-01    -1.884183E+00
   4.500000E-01     5.000000E-01    -9.345814E-01
   4.500000E-01     5.500000E-01    -4.040781E-01
   4.500000E-01     6.000000E-01    -1.531898E-01
   4.500000E-01     6.500000E-01    -5.132820E-02
   4.500000E-01     7.000000E-01    -1.533373E-02
   4.500000E-01     7.500000E-01    -3.991098E-03
   4.500000E-01     8.000000E-01    -8.446093E-04
   4.500000E-01     8.500000E-01    -1.146885E-04
   4.500000E-01     9.000000E-01     1.578940E-05
   4.500000E-01     9.500000E-01     2.302011E-05
   4.500000E-01     1.000000E+00     1.100559E-05
   4.500000E-01     1.050000E+00     0.000000E+00
   5.000000E-01     0.000000E+00     4.870945E-01
   5.000000E-01     5.000000E-02    -1.124968E+00
   5.000000E-01     1.000000E-01    -1.644995E+00
   5.000000E-01     1.500000E-01     8.915442E-02
   5.000000E-01     2.000000E-01    -1.165620E+01
   5.000000E-01     2.500000E-01    -9.188868E+00
   5.000000E-01     3.000000E-01    -6.174882E+00
   5.000000E-01     3.500000E-01    -4.795343E+00
   5.000000E-01     4.000000E-01    -3.554085E+00
   5.000000E-01     4.500000E-01    -2.229190E+00
   5.000000E-01     5.000000E-01    -1.177408E+00
   5.000000E-01     5.500000E-01    -5.363759E-01
   5.000000E-01     6.000000E-01    -2.141893E-01
   5.000000E-01     6.500000E-01    -7.567541E-02
   5.000000E-01     7.000000E-01    -2.379808E-02
   5.000000E-01     7.500000E-01    -6.636119E-03
   5.000000E-01     8.000000E-01    -1.588515E-03
   5.000000E-01     8.500000E-01    -3.031020E-04
   5.000000E-01     9.000000E-01    -2.307550E-05
   5.000000E-01     9.500000E-01     1.770701E-05
   5.000000E-01     1.000000E+00     1.220938E-05
   5.000000E-01     1.050000E+00     0.000000E+00
   5.500000E-01     2.000000E-01    -6.401216E+00
   5.500000E-01     2.500000E-01    -8.418043E+00
   5.500000E-01     3.000000E-01    -6.926949E+00
   5.500000E-01     3.500000E-01    -5.240484E+00
   5.500000E-01     4.000000E-01    -3.836626E+00
   5.500000E-01     4.500000E-01    -2.520693E+00
   5.500000E-01     5.000000E-01    -1.414864E+00
   5.500000E-01     5.500000E-01    -6.796775E-01
   5.500000E-01     6.000000E-01    -2.846435E-01
   5.500000E-01     6.500000E-01    -1.054751E-01
   5.500000E-01     7.000000E-01    -3.490812E-02
   5.500000E-01     7.500000E-01    -1.030251E-02
   5.500000E-01     8.000000E-01    -2.689490E-03
   5.500000E-01     8.500000E-01    -6.001149E-04
   5.500000E-01     9.000000E-01    -9.298577E-05
   5.500000E-01     9.500000E-01     5.899447E-06
   5.500000E-01     1.000000E+00     1.123974E-05
   5.500000E-01     1.050000E+00     0.000000E+00
   6.000000E-01     2.000000E-01    -5.903808E+00
   6.000000E-01     2.500000E-01    -7.783999E+00
   6.000000E-01     3.000000E-01    -7.001582E+00
   6.000000E-01     3.500000E-01    -5.499228E+00
   6.000000E-01     4.000000E-01    -4.075044E+00
   6.000000E-01     4.500000E-01    -2.764463E+00
   6.000000E-01     5.000000E-01    -1.631933E+00
   6.000000E-01     5.500000E-01    -8.259195E-01
   6.000000E-01     6.000000E-01    -3.625680E-01
   6.000000E-01     6.500000E-01    -1.404253E-01
   6.000000E-01     7.000000E-01    -4.858976E-02
   6.000000E-01     7.500000E-01    -1.506176E-02
   6.000000E-01     8.000000E-01    -4.174544E-03
   6.000000E-01     8.500000E-01    -1.021158E-03
   6.000000E-01     9.000000E-01    -1.980936E-04
   6.000000E-01     9.500000E-01    -1.289844E-05
   6.000000E-01     1.000000E+00     1.108894E-05
   6.000000E-01     1.050000E+00     0.000000E+00
   6.500000E-01     2.000000E-01    -4.434934E+00
   6.500000E-01     2.500000E-01    -6.656474E+00
   6.500000E-01     3.000000E-01    -6.733024E+00
   6.500000E-01     3.500000E-01    -5.645092E+00
   6.500000E-01     4.000000E-01    -4.279873E+00
   6.500000E-01     4.500000E-01    -2.967597E+00
   6.500000E-01     5.000000E-01    -1.822545E+00
   6.500000E-01     5.500000E-01    -9.673184E-01
   6.500000E-01     6.000000E-01    -4.446207E-01
   6.500000E-01     6.500000E-01    -1.796251E-01
   6.500000E-01     7.000000E-01    -6.473506E-02
   6.500000E-01     7.500000E-01    -2.096496E-02
   6.500000E-01     8.000000E-01    -6.114293E-03
   6.500000E-01     8.500000E-01    -1.599216E-03
   6.500000E-01     9.000000E-01    -3.557980E-04
   6.500000E-01     9.500000E-01    -5.065870E-05
   6.500000E-01     1.000000E+00     6.030233E-06
   6.500000E-01     1.050000E+00     0.000000E+00
   7.000000E-01     0.000000E+00     1.371038E-01
   7.000000E-01     5.000000E-02    -1.046609E-01
   7.000000E-01     1.000000E-01     6.916635E-02
   7.000000E-01     1.500000E-01     1.245143E+00
   7.000000E-01     2.000000E-01    -3.455791E+00
   7.000000E-01     2.500000E-01    -5.812153E+00
   7.000000E-01     3.000000E-01    -6.366664E+00
   7.000000E-01     3.500000E-01    -5.658425E+00
   7.000000E-01     4.000000E-01    -4.421183E+00
   7.000000E-01     4.500000E-01    -3.132856E+00
   7.000000E-01     5.000000E-01    -1.986182E+00
   7.000000E-01     5.500000E-01    -1.099202E+00
   7.000000E-01     6.000000E-01    -5.277137E-01
   7.000000E-01     6.500000E-01    -2.220445E-01
   7.000000E-01     7.000000E-01    -8.324713E-02
   7.000000E-01     7.500000E-01    -2.807974E-02
   7.000000E-01     8.000000E-01    -8.542765E-03
   7.000000E-01     8.500000E-01    -2.352623E-03
   7.000000E-01     9.000000E-01    -5.670217E-04
   7.000000E-01     9.500000E-01    -1.012691E-04
   7.000000E-01     1.000000E+00    -2.255324E-06
   7.000000E-01     1.050000E+00     0.000000E+00
   7.500000E-01     0.000000E+00     4.723701E-01
   7.500000E-01     5.000000E-02     1.132508E-01
   7.500000E-01     1.000000E-01    -3.174710E-01
   7.500000E-01     1.500000E-01    -5.681471E-01
   7.500000E-01     2.000000E-01    -3.082555E+00
   7.500000E-01     2.500000E-01    -5.055040E+00
   7.500000E-01     3.000000E-01    -5.904926E+00
   7.500000E-01     3.500000E-01    -5.556817E+00
   7.500000E-01     4.000000E-01    -4.504872E+00
   7.500000E-01     4.500000E-01    -3.267411E+00
   7.500000E-01     5.000000E-01    -2.124817E+00
   7.500000E-01     5.500000E-01    -1.217961E+00
   7.500000E-01     6.000000E-01    -6.087199E-01
   7.500000E-01     6.500000E-01    -2.666572E-01
   7.500000E-01     7.000000E-01    -1.037177E-01
   7.500000E-01     7.500000E-01    -3.622889E-02
   7.500000E-01     8.000000E-01    -1.144404E-02
   7.500000E-01     8.500000E-01    -3.301776E-03
   7.500000E-01     9.000000E-01    -8.430210E-04
   7.500000E-01     9.500000E-01    -1.735126E-04
   7.500000E-01     1.000000E+00    -1.492942E-05
   7.500000E-01     1.050000E+00     0.000000E+00
   8.000000E-01     0.000000E+00     8.928420E-01
   8.000000E-01     5.000000E-02     2.927484E-01
   8.000000E-01     1.000000E-01    -5.759247E-01
   8.000000E-01     1.500000E-01    -1.559619E+00
   8.000000E-01     2.000000E-01    -2.987122E+00
   8.000000E-01     2.500000E-01    -4.552741E+00
   8.000000E-01     3.000000E-01    -5.486216E+00
   8.000000E-01     3.500000E-01    -5.395508E+00
   8.000000E-01     4.000000E-01    -4.529934E+00
   8.000000E-01     4.500000E-01    -3.365850E+00
   8.000000E-01     5.000000E-01    -2.240222E+00
   8.000000E-01     5.500000E-01    -1.323180E+00
   8.000000E-01     6.000000E-01    -6.856094E-01
   8.000000E-01     6.500000E-01    -3.118320E-01
   8.000000E-01     7.000000E-01    -1.257047E-01
   8.000000E-01     7.500000E-01    -4.546992E-02
   8.000000E-01     8.000000E-01    -1.489547E-02
   8.000000E-01     8.500000E-01    -4.461282E-03
   8.000000E-01     9.000000E-01    -1.197742E-03
   8.000000E-01     9.500000E-01    -2.680688E-04
   8.000000E-01     1.000000E+00    -3.423810E-05
   8.000000E-01     1.050000E+00     0.000000E+00
   8.500000E-01     0.000000E+00     1.180639E+00
   8.500000E-01     5.000000E-02     3.754024E-01
   8.500000E-01     1.000000E-01    -6.735990E-01
   8.500000E-01     1.500000E-01    -1.829864E+00
   8.500000E-01     2.000000E-01    -2.993039E+00
   8.500000E-01     2.500000E-01    -4.279525E+00
   8.500000E-01     3.000000E-01    -5.152088E+00
   8.500000E-01     3.500000E-01    -5.206854E+00
   8.500000E-01     4.000000E-01    -4.506692E+00
   8.500000E-01     4.500000E-01    -3.431696E+00
   8.500000E-01     5.000000E-01    -2.334762E+00
   8.500000E-01     5.500000E-01    -1.415301E+00
   8.500000E-01     6.000000E-01    -7.570634E-01
   8.500000E-01     6.500000E-01    -3.564709E-01
   8.500000E-01     7.000000E-01    -1.487334E-01
   8.500000E-01     7.500000E-01    -5.565438E-02
   8.500000E-01     8.000000E-01    -1.886301E-02
   8.500000E-01     8.500000E-01    -5.847180E-03
   8.500000E-01     9.000000E-01    -1.641460E-03
   8.500000E-01     9.500000E-01    -3.951405E-04
   8.500000E-01     1.000000E+00    -5.922313E-05
   8.500000E-01     1.050000E+00     0.000000E+00
   9.000000E-01     0.000000E+00     1.341242E+00
   9.000000E-01     5.000000E-02     4.201572E-01
   9.000000E-01     1.000000E-01    -7.252232E-01
   9.000000E-01     1.500000E-01    -1.875712E+00
   9.000000E-01     2.000000E-01    -2.995294E+00
   9.000000E-01     2.500000E-01    -4.103320E+00
   9.000000E-01     3.000000E-01    -4.887589E+00
   9.000000E-01     3.500000E-01    -5.016632E+00
   9.000000E-01     4.000000E-01    -4.450103E+00
   9.000000E-01     4.500000E-01    -3.468108E+00
   9.000000E-01     5.000000E-01    -2.409107E+00
   9.000000E-01     5.500000E-01    -1.494606E+00
   9.000000E-01     6.000000E-01    -8.224307E-01
   9.000000E-01     6.500000E-01    -3.998481E-01
   9.000000E-01     7.000000E-01    -1.724089E-01
   9.000000E-01     7.500000E-01    -6.662883E-02
   9.000000E-01     8.000000E-01    -2.332419E-02
   9.000000E-01     8.500000E-01    -7.468401E-03
   9.000000E-01     9.000000E-01    -2.179217E-03
   9.000000E-01     9.500000E-01    -5.585564E-04
   9.000000E-01     1.000000E+00    -9.683300E-05
   9.000000E-01     1.050000E+00     0.000000E+00
   9.500000E-01     0.000000E+00     1.400024E+00
   9.500000E-01     5.000000E-02     4.301053E-01
   9.500000E-01     1.000000E-01    -7.553123E-01
   9.500000E-01     1.500000E-01    -1.881984E+00
   9.500000E-01     2.000000E-01    -2.970286E+00
   9.500000E-01     2.500000E-01    -3.966938E+00
   9.500000E-01     3.000000E-01    -4.674782E+00
   9.500000E-01     3.500000E-01    -4.836178E+00
   9.500000E-01     4.000000E-01    -4.370774E+00
   9.500000E-01     4.500000E-01    -3.479223E+00
   9.500000E-01     5.000000E-01    -2.465330E+00
   9.500000E-01     5.500000E-01    -1.561997E+00
   9.500000E-01     6.000000E-01    -8.815014E-01
   9.500000E-01     6.500000E-01    -4.413358E-01
   9.500000E-01     7.000000E-01    -1.963099E-01
   9.500000E-01     7.500000E-01    -7.824465E-02
   9.500000E-01     8.000000E-01    -2.825921E-02
   9.500000E-01     8.500000E-01    -9.330638E-03
   9.500000E-01     9.000000E-01    -2.814704E-03
   9.500000E-01     9.500000E-01    -7.540791E-04
   9.500000E-01     1.000000E+00    -1.458985E-04
   9.500000E-01     1.050000E+00     0.000000E+00
   1.000000E+00     0.000000E+00     1.392201E+00
   1.000000E+00     5.000000E-02     4.094768E-01
   1.000000E+00     1.000000E-01    -7.792874E-01
   1.000000E+00     1.500000E-01    -1.884083E+00
   1.000000E+00     2.000000E-01    -2.927218E+00
   1.000000E+00     2.500000E-01    -3.851923E+00
   1.000000E+00     3.000000E-01    -4.501195E+00
   1.000000E+00     3.500000E-01    -4.671861E+00
   1.000000E+00     4.000000E-01    -4.280128E+00
   1.000000E+00     4.500000E-01    -3.469239E+00
   1.000000E+00     5.000000E-01    -2.504897E+00
   1.000000E+00     5.500000E-01    -1.618459E+00
   1.000000E+00     6.000000E-01    -9.343708E-01
   1.000000E+00     6.500000E-01    -4.805293E-01
   1.000000E+00     7.000000E-01    -2.201609E-01
   1.000000E+00     7.500000E-01    -9.036664E-02
   1.000000E+00     8.000000E-01    -3.361784E-02
   1.000000E+00     8.500000E-01    -1.144423E-02
   1.000000E+00     9.000000E-01    -3.560482E-03
   1.000000E+00     9.500000E-01    -9.911085E-04
   1.000000E+00     1.000000E+00    -2.071353E-04
   1.000000E+00     1.050000E+00     0.000000E+00
   1.050000E+00     0.000000E+00     1.343517E+00
   1.050000E+00     5.000000E-02     3.676667E-01
   1.050000E+00     1.000000E-01    -8.052798E-01
   1.050000E+00     1.500000E-01    -1.884149E+00
   1.050000E+00     2.000000E-01    -2.881276E+00
   1.050000E+00     2.500000E-01    -3.747527E+00
   1.050000E+00     3.000000E-01    -4.348991E+00
   1.050000E+00     3.500000E-01    -4.521175E+00
   1.050000E+00     4.000000E-01    -4.185116E+00
   1.050000E+00     4.500000E-01    -3.444861E+00
   1.050000E+00     5.000000E-01    -2.530183E+00
   1.050000E+00     5.500000E-01    -1.664783E+00
   1.050000E+00     6.000000E-01    -9.813988E-01
   1.050000E+00     6.500000E-01    -5.172098E-01
   1.050000E+00     7.000000E-01    -2.435223E-01
   1.050000E+00     7.500000E-01    -1.028601E-01
   1.050000E+00     8.000000E-01    -3.937216E-02
   1.050000E+00     8.500000E-01    -1.378629E-02
   1.050000E+00     9.000000E-01    -4.419321E-03
   1.050000E+00     9.500000E-01    -1.273686E-03
   1.050000E+00     1.000000E+00    -2.834327E-04
   1.050000E+00     1.050000E+00     0.000000E+00
   1.100000E+00     0.000000E+00     1.268636E+00
   1.100000E+00     5.000000E-02     3.110574E-01
   1.100000E+00     1.000000E-01    -8.335002E-01
   1.100000E+00     1.500000E-01    -1.881794E+00
   1.100000E+00     2.000000E-01    -2.837243E+00
   1.100000E+00     2.500000E-01    -3.652913E+00
   1.100000E+00     3.000000E-01    -4.214108E+00
   1.100000E+00     3.500000E-01    -4.383412E+00
   1.100000E+00     4.000000E-01    -4.089503E+00
   1.100000E+00     4.500000E-01    -3.409763E+00
   1.100000E+00     5.000000E-01    -2.543387E+00
   1.100000E+00     5.500000E-01    -1.702128E+00
   1.100000E+00     6.000000E-01    -1.022934E+00
   1.100000E+00     6.500000E-01    -5.512921E-01
   1.100000E+00     7.000000E-01    -2.662342E-01
   1.100000E+00     7.500000E-01    -1.155645E-01
   1.100000E+00     8.000000E-01    -4.546148E-02
   1.100000E+00     8.500000E-01    -1.636079E-02
   1.100000E+00     9.000000E-01    -5.404582E-03
   1.100000E+00     9.500000E-01    -1.613536E-03
   1.100000E+00     1.000000E+00    -3.764873E-04
   1.100000E+00     1.050000E+00     0.000000E+00
   1.150000E+00     0.000000E+00     1.177883E+00
   1.150000E+00     5.000000E-02     2.447352E-01
   1.150000E+00     1.000000E-01    -8.646973E-01
   1.150000E+00     1.500000E-01    -1.878448E+00
   1.150000E+00     2.000000E-01    -2.794356E+00
   1.150000E+00     2.500000E-01    -3.566056E+00
   1.150000E+00     3.000000E-01    -4.092735E+00
   1.150000E+00     3.500000E-01    -4.256769E+00
   1.150000E+00     4.000000E-01    -3.994928E+00
   1.150000E+00     4.500000E-01    -3.367164E+00
   1.150000E+00     5.000000E-01    -2.546749E+00
   1.150000E+00     5.500000E-01    -1.731504E+00
   1.150000E+00     6.000000E-01    -1.059372E+00
   1.150000E+00     6.500000E-01    -5.828627E-01
   1.150000E+00     7.000000E-01    -2.882132E-01
   1.150000E+00     7.500000E-01    -1.283811E-01
   1.150000E+00     8.000000E-01    -5.184967E-02
   1.150000E+00     8.500000E-01    -1.916022E-02
   1.150000E+00     9.000000E-01    -6.510306E-03
   1.150000E+00     9.500000E-01    -2.002191E-03
   1.150000E+00     1.000000E+00    -4.885725E-04
   1.150000E+00     1.050000E+00     0.000000E+00
   1.200000E+00     0.000000E+00     1.076743E+00
   1.200000E+00     5.000000E-02     1.709492E-01
   1.200000E+00     1.000000E-01    -8.987676E-01
   1.200000E+00     1.500000E-01    -1.875204E+00
   1.200000E+00     2.000000E-01    -2.752807E+00
   1.200000E+00     2.500000E-01    -3.485465E+00
   1.200000E+00     3.000000E-01    -3.981957E+00
   1.200000E+00     3.500000E-01    -4.139580E+00
   1.200000E+00     4.000000E-01    -3.902576E+00
   1.200000E+00     4.500000E-01    -3.319533E+00
   1.200000E+00     5.000000E-01    -2.542145E+00
   1.200000E+00     5.500000E-01    -1.753886E+00
   1.200000E+00     6.000000E-01    -1.091144E+00
   1.200000E+00     6.500000E-01    -6.120201E-01
   1.200000E+00     7.000000E-01    -3.094104E-01
   1.200000E+00     7.500000E-01    -1.412299E-01
   1.200000E+00     8.000000E-01    -5.850653E-02
   1.200000E+00     8.500000E-01    -2.218190E-02
   1.200000E+00     9.000000E-01    -7.741565E-03
   1.200000E+00     9.500000E-01    -2.448098E-03
   1.200000E+00     1.000000E+00    -6.215147E-04
   1.200000E+00     1.050000E+00     0.000000E+00
   1.250000E+00     0.000000E+00     9.693884E-01
   1.250000E+00     5.000000E-02     9.162755E-02
   1.250000E+00     1.000000E-01    -9.351683E-01
   1.250000E+00     1.500000E-01    -1.872492E+00
   1.250000E+00     2.000000E-01    -2.712732E+00
   1.250000E+00     2.500000E-01    -3.409845E+00
   1.250000E+00     3.000000E-01    -3.879416E+00
   1.250000E+00     3.500000E-01    -4.030415E+00
   1.250000E+00     4.000000E-01    -3.813436E+00
   1.250000E+00     4.500000E-01    -3.269077E+00
   1.250000E+00     5.000000E-01    -2.531487E+00
   1.250000E+00     5.500000E-01    -1.770353E+00
   1.250000E+00     6.000000E-01    -1.118722E+00
   1.250000E+00     6.500000E-01    -6.389321E-01
   1.250000E+00     7.000000E-01    -3.298009E-01
   1.250000E+00     7.500000E-01    -1.540284E-01
   1.250000E+00     8.000000E-01    -6.538125E-02
   1.250000E+00     8.500000E-01    -2.541638E-02
   1.250000E+00     9.000000E-01    -9.094621E-03
   1.250000E+00     9.500000E-01    -2.957779E-03
   1.250000E+00     1.000000E+00    -7.811385E-04
   1.250000E+00     1.050000E+00     0.000000E+00
   1.300000E+00     0.000000E+00     8.551910E-01
   1.300000E+00     5.000000E-02     1.079747E-02
   1.300000E+00     1.000000E-01    -9.716059E-01
   1.300000E+00     1.500000E-01    -1.870267E+00
   1.300000E+00     2.000000E-01    -2.674585E+00
   1.300000E+00     2.500000E-01    -3.338839E+00
   1.300000E+00     3.000000E-01    -3.784254E+00
   1.300000E+00     3.500000E-01    -3.928642E+00
   1.300000E+00     4.000000E-01    -3.727749E+00
   1.300000E+00     4.500000E-01    -3.216865E+00
   1.300000E+00     5.000000E-01    -2.515904E+00
   1.300000E+00     5.500000E-01    -1.781598E+00
   1.300000E+00     6.000000E-01    -1.142556E+00
   1.300000E+00     6.500000E-01    -6.637512E-01
   1.300000E+00     7.000000E-01    -3.493771E-01
   1.300000E+00     7.500000E-01    -1.667810E-01
   1.300000E+00     8.000000E-01    -7.248653E-02
   1.300000E+00     8.500000E-01    -2.885821E-02
   1.300000E+00     9.000000E-01    -1.057888E-02
   1.300000E+00     9.500000E-01    -3.530981E-03
   1.300000E+00     1.000000E+00    -9.661085E-04
   1.300000E+00     1.050000E+00     0.000000E+00
   1.350000E+00     0.000000E+00     7.369002E-01
   1.350000E+00     5.000000E-02    -7.046829E-02
   1.350000E+00     1.000000E-01    -1.007727E+00
   1.350000E+00     1.500000E-01    -1.868497E+00
   1.350000E+00     2.000000E-01    -2.638340E+00
   1.350000E+00     2.500000E-01    -3.271828E+00
   1.350000E+00     3.000000E-01    -3.694833E+00
   1.350000E+00     3.500000E-01    -3.832514E+00
   1.350000E+00     4.000000E-01    -3.645174E+00
   1.350000E+00     4.500000E-01    -3.164120E+00
   1.350000E+00     5.000000E-01    -2.497098E+00
   1.350000E+00     5.500000E-01    -1.788934E+00
   1.350000E+00     6.000000E-01    -1.163188E+00
   1.350000E+00     6.500000E-01    -6.866525E-01
   1.350000E+00     7.000000E-01    -3.680797E-01
   1.350000E+00     7.500000E-01    -1.793899E-01
   1.350000E+00     8.000000E-01    -7.972918E-02
   1.350000E+00     8.500000E-01    -3.248859E-02
   1.350000E+00     9.000000E-01    -1.219255E-02
   1.350000E+00     9.500000E-01    -4.178151E-03
   1.350000E+00     1.000000E+00    -1.178911E-03
   1.350000E+00     1.050000E+00     0.000000E+00
   1.400000E+00     0.000000E+00     6.183933E-01
   1.400000E+00     5.000000E-02    -1.530671E-01
   1.400000E+00     1.000000E-01    -1.044658E+00
   1.400000E+00     1.500000E-01    -1.867277E+00
   1.400000E+00     2.000000E-01    -2.603594E+00
   1.400000E+00     2.500000E-01    -3.208098E+00
   1.400000E+00     3.000000E-01    -3.610489E+00
   1.400000E+00     3.500000E-01    -3.741736E+00
   1.400000E+00     4.000000E-01    -3.566067E+00
   1.400000E+00     4.500000E-01    -3.111659E+00
   1.400000E+00     5.000000E-01    -2.476017E+00
   1.400000E+00     5.500000E-01    -1.793047E+00
   1.400000E+00     6.000000E-01    -1.181089E+00
   1.400000E+00     6.500000E-01    -7.078205E-01
   1.400000E+00     7.000000E-01    -3.860438E-01
   1.400000E+00     7.500000E-01    -1.918458E-01
   1.400000E+00     8.000000E-01    -8.709153E-02
   1.400000E+00     8.500000E-01    -3.628873E-02
   1.400000E+00     9.000000E-01    -1.393672E-02
   1.400000E+00     9.500000E-01    -4.892782E-03
   1.400000E+00     1.000000E+00    -1.420455E-03
   1.400000E+00     1.050000E+00     0.000000E+00
   1.450000E+00     0.000000E+00     5.017182E-01
   1.450000E+00     5.000000E-02    -2.366038E-01
   1.450000E+00     1.000000E-01    -1.082424E+00
   1.450000E+00     1.500000E-01    -1.866606E+00
   1.450000E+00     2.000000E-01    -2.570163E+00
   1.450000E+00     2.500000E-01    -3.147282E+00
   1.450000E+00     3.000000E-01    -3.530638E+00
   1.450000E+00     3.500000E-01    -3.655895E+00
   1.450000E+00     4.000000E-01    -3.490467E+00
   1.450000E+00     4.500000E-01    -3.060020E+00
   1.450000E+00     5.000000E-01    -2.453392E+00
   1.450000E+00     5.500000E-01    -1.794599E+00
   1.450000E+00     6.000000E-01    -1.196636E+00
   1.450000E+00     6.500000E-01    -7.274213E-01
   1.450000E+00     7.000000E-01    -4.033029E-01
   1.450000E+00     7.500000E-01    -2.041616E-01
   1.450000E+00     8.000000E-01    -9.458347E-02
   1.450000E+00     8.500000E-01    -4.026077E-02
   1.450000E+00     9.000000E-01    -1.580974E-02
   1.450000E+00     9.500000E-01    -5.677457E-03
   1.450000E+00     1.000000E+00    -1.692012E-03
   1.450000E+00     1.050000E+00     0.000000E+00
   1.500000E+00     0.000000E+00     3.880504E-01
   1.500000E+00     5.000000E-02    -3.202356E-01
   1.500000E+00     1.000000E-01    -1.120590E+00
   1.500000E+00     1.500000E-01    -1.866320E+00
   1.500000E+00     2.000000E-01    -2.537862E+00
   1.500000E+00     2.500000E-01    -3.088998E+00
   1.500000E+00     3.000000E-01    -3.454699E+00
   1.500000E+00     3.500000E-01    -3.574564E+00
   1.500000E+00     4.000000E-01    -3.418477E+00
   1.500000E+00     4.500000E-01    -3.009701E+00
   1.500000E+00     5.000000E-01    -2.429763E+00
   1.500000E+00     5.500000E-01    -1.793993E+00
   1.500000E+00     6.000000E-01    -1.210181E+00
   1.500000E+00     6.500000E-01    -7.457207E-01
   1.500000E+00     7.000000E-01    -4.199103E-01
   1.500000E+00     7.500000E-01    -2.163428E-01
   1.500000E+00     8.000000E-01    -1.021768E-01
   1.500000E+00     8.500000E-01    -4.439973E-02
   1.500000E+00     9.000000E-01    -1.780979E-02
   1.500000E+00     9.500000E-01    -6.540019E-03
   1.500000E+00     1.000000E+00    -1.999525E-03
   1.500000E+00     1.050000E+00     0.000000E+00
   1.550000E+00     0.000000E+00     2.744772E-01
   1.550000E+00     5.000000E-02    -4.004377E-01
   1.550000E+00     1.000000E-01    -1.156752E+00
   1.550000E+00     1.500000E-01    -1.865850E+00
   1.550000E+00     2.000000E-01    -2.506658E+00
   1.550000E+00     2.500000E-01    -3.033123E+00
   1.550000E+00     3.000000E-01    -3.382491E+00
   1.550000E+00     3.500000E-01    -3.497499E+00
   1.550000E+00     4.000000E-01    -3.349889E+00
   1.550000E+00     4.500000E-01    -2.960925E+00
   1.550000E+00     5.000000E-01    -2.405728E+00
   1.550000E+00     5.500000E-01    -1.791872E+00
   1.550000E+00     6.000000E-01    -1.222039E+00
   1.550000E+00     6.500000E-01    -7.627672E-01
   1.550000E+00     7.000000E-01    -4.359285E-01
   1.550000E+00     7.500000E-01    -2.283849E-01
   1.550000E+00     8.000000E-01    -1.098813E-01
   1.550000E+00     8.500000E-01    -4.869246E-02
   1.550000E+00     9.000000E-01    -1.994043E-02
   1.550000E+00     9.500000E-01    -7.480736E-03
   1.550000E+00     1.000000E+00    -2.341191E-03
   1.550000E+00     1.050000E+00     0.000000E+00
   1.600000E+00     0.000000E+00     1.626176E-01
   1.600000E+00     5.000000E-02    -4.767962E-01
   1.600000E+00     1.000000E-01    -1.190490E+00
   1.600000E+00     1.500000E-01    -1.864859E+00
   1.600000E+00     2.000000E-01    -2.476369E+00
   1.600000E+00     2.500000E-01    -2.979406E+00
   1.600000E+00     3.000000E-01    -3.313467E+00
   1.600000E+00     3.500000E-01    -3.424026E+00
   1.600000E+00     4.000000E-01    -3.284302E+00
   1.600000E+00     4.500000E-01    -2.913759E+00
   1.600000E+00     5.000000E-01    -2.381759E+00
   1.600000E+00     5.500000E-01    -1.788804E+00
   1.600000E+00     6.000000E-01    -1.232639E+00
   1.600000E+00     6.500000E-01    -7.789067E-01
   1.600000E+00     7.000000E-01    -4.514820E-01
   1.600000E+00     7.500000E-01    -2.403489E-01
   1.600000E+00     8.000000E-01    -1.176943E-01
   1.600000E+00     8.500000E-01    -5.315474E-02
   1.600000E+00     9.000000E-01    -2.220101E-02
   1.600000E+00     9.500000E-01    -8.502923E-03
   1.600000E+00     1.000000E+00    -2.718341E-03
   1.600000E+00     1.050000E+00     0.000000E+00
   1.650000E+00     0.000000E+00     5.575857E-02
   1.650000E+00     5.000000E-02    -5.507747E-01
   1.650000E+00     1.000000E-01    -1.222929E+00
   1.650000E+00     1.500000E-01    -1.863295E+00
   1.650000E+00     2.000000E-01    -2.446596E+00
   1.650000E+00     2.500000E-01    -2.927463E+00
   1.650000E+00     3.000000E-01    -3.247365E+00
   1.650000E+00     3.500000E-01    -3.354025E+00
   1.650000E+00     4.000000E-01    -3.221834E+00
   1.650000E+00     4.500000E-01    -2.868520E+00
   1.650000E+00     5.000000E-01    -2.358291E+00
   1.650000E+00     5.500000E-01    -1.785152E+00
   1.650000E+00     6.000000E-01    -1.242205E+00
   1.650000E+00     6.500000E-01    -7.941217E-01
   1.650000E+00     7.000000E-01    -4.665003E-01
   1.650000E+00     7.500000E-01    -2.521024E-01
   1.650000E+00     8.000000E-01    -1.255233E-01
   1.650000E+00     8.500000E-01    -5.772281E-02
   1.650000E+00     9.000000E-01    -2.457198E-02
   1.650000E+00     9.500000E-01    -9.597097E-03
   1.650000E+00     1.000000E+00    -3.129708E-03
   1.650000E+00     1.050000E+00     0.000000E+00
   1.700000E+00     0.000000E+00    -4.444319E-02
   1.700000E+00     5.000000E-02    -6.218477E-01
   1.700000E+00     1.000000E-01    -1.253907E+00
   1.700000E+00     1.500000E-01    -1.860995E+00
   1.700000E+00     2.000000E-01    -2.417125E+00
   1.700000E+00     2.500000E-01    -2.877059E+00
   1.700000E+00     3.000000E-01    -3.183915E+00
   1.700000E+00     3.500000E-01    -3.287284E+00
   1.700000E+00     4.000000E-01    -3.162380E+00
   1.700000E+00     4.500000E-01    -2.825242E+00
   1.700000E+00     5.000000E-01    -2.335468E+00
   1.700000E+00     5.500000E-01    -1.781170E+00
   1.700000E+00     6.000000E-01    -1.251112E+00
   1.700000E+00     6.500000E-01    -8.088172E-01
   1.700000E+00     7.000000E-01    -4.813215E-01
   1.700000E+00     7.500000E-01    -2.639176E-01
   1.700000E+00     8.000000E-01    -1.335416E-01
   1.700000E+00     8.500000E-01    -6.249063E-02
   1.700000E+00     9.000000E-01    -2.708812E-02
   1.700000E+00     9.500000E-01    -1.077641E-02
   1.700000E+00     1.000000E+00    -3.580841E-03
   1.700000E+00     1.050000E+00     0.000000E+00
   1.750000E+00     0.000000E+00    -1.368500E-01
   1.750000E+00     5.000000E-02    -6.889277E-01
   1.750000E+00     1.000000E-01    -1.282761E+00
   1.750000E+00     1.500000E-01    -1.857575E+00
   1.750000E+00     2.000000E-01    -2.387632E+00
   1.750000E+00     2.500000E-01    -2.827874E+00
   1.750000E+00     3.000000E-01    -3.122800E+00
   1.750000E+00     3.500000E-01    -3.223622E+00
   1.750000E+00     4.000000E-01    -3.106060E+00
   1.750000E+00     4.500000E-01    -2.784253E+00
   1.750000E+00     5.000000E-01    -2.313634E+00
   1.750000E+00     5.500000E-01    -1.777104E+00
   1.750000E+00     6.000000E-01    -1.259322E+00
   1.750000E+00     6.500000E-01    -8.226781E-01
   1.750000E+00     7.000000E-01    -4.955364E-01
   1.750000E+00     7.500000E-01    -2.754383E-01
   1.750000E+00     8.000000E-01    -1.414796E-01
   1.750000E+00     8.500000E-01    -6.730512E-02
   1.750000E+00     9.000000E-01    -2.969204E-02
   1.750000E+00     9.500000E-01    -1.202460E-02
   1.750000E+00     1.000000E+00    -4.064799E-03
   1.750000E+00     1.050000E+00     0.000000E+00
   1.800000E+00     0.000000E+00    -2.230486E-01
   1.800000E+00     5.000000E-02    -7.486014E-01
   1.800000E+00     1.000000E-01    -1.307074E+00
   1.800000E+00     1.500000E-01    -1.852145E+00
   1.800000E+00     2.000000E-01    -2.357755E+00
   1.800000E+00     2.500000E-01    -2.779631E+00
   1.800000E+00     3.000000E-01    -3.063819E+00
   1.800000E+00     3.500000E-01    -3.162795E+00
   1.800000E+00     4.000000E-01    -3.052462E+00
   1.800000E+00     4.500000E-01    -2.745256E+00
   1.800000E+00     5.000000E-01    -2.292783E+00
   1.800000E+00     5.500000E-01    -1.773191E+00
   1.800000E+00     6.000000E-01    -1.267462E+00
   1.800000E+00     6.500000E-01    -8.365351E-01
   1.800000E+00     7.000000E-01    -5.099266E-01
   1.800000E+00     7.500000E-01    -2.872994E-01
   1.800000E+00     8.000000E-01    -1.497920E-01
   1.800000E+00     8.500000E-01    -7.239949E-02
   1.800000E+00     9.000000E-01    -3.249278E-02
   1.800000E+00     9.500000E-01    -1.339054E-02
   1.800000E+00     1.000000E+00    -4.602521E-03
   1.800000E+00     1.050000E+00     0.000000E+00
   1.850000E+00     0.000000E+00    -3.008305E-01
   1.850000E+00     5.000000E-02    -7.999070E-01
   1.850000E+00     1.000000E-01    -1.325877E+00
   1.850000E+00     1.500000E-01    -1.843849E+00
   1.850000E+00     2.000000E-01    -2.326904E+00
   1.850000E+00     2.500000E-01    -2.731897E+00
   1.850000E+00     3.000000E-01    -3.006614E+00
   1.850000E+00     3.500000E-01    -3.104704E+00
   1.850000E+00     4.000000E-01    -3.001963E+00
   1.850000E+00     4.500000E-01    -2.708935E+00
   1.850000E+00     5.000000E-01    -2.273526E+00
   1.850000E+00     5.500000E-01    -1.769630E+00
   1.850000E+00     6.000000E-01    -1.274960E+00
   1.850000E+00     6.500000E-01    -8.494247E-01
   1.850000E+00     7.000000E-01    -5.233793E-01
   1.850000E+00     7.500000E-01    -2.985055E-01
   1.850000E+00     8.000000E-01    -1.577637E-01
   1.850000E+00     8.500000E-01    -7.740227E-02
   1.850000E+00     9.000000E-01    -3.529895E-02
   1.850000E+00     9.500000E-01    -1.480798E-02
   1.850000E+00     1.000000E+00    -5.168740E-03
   1.850000E+00     1.050000E+00     0.000000E+00
   1.900000E+00     0.000000E+00    -3.649845E-01
   1.900000E+00     5.000000E-02    -8.420028E-01
   1.900000E+00     1.000000E-01    -1.339143E+00
   1.900000E+00     1.500000E-01    -1.832165E+00
   1.900000E+00     2.000000E-01    -2.294458E+00
   1.900000E+00     2.500000E-01    -2.684106E+00
   1.900000E+00     3.000000E-01    -2.950496E+00
   1.900000E+00     3.500000E-01    -3.048240E+00
   1.900000E+00     4.000000E-01    -2.953023E+00
   1.900000E+00     4.500000E-01    -2.673781E+00
   1.900000E+00     5.000000E-01    -2.255129E+00
   1.900000E+00     5.500000E-01    -1.766836E+00
   1.900000E+00     6.000000E-01    -1.283341E+00
   1.900000E+00     6.500000E-01    -8.633482E-01
   1.900000E+00     7.000000E-01    -5.379382E-01
   1.900000E+00     7.500000E-01    -3.106916E-01
   1.900000E+00     8.000000E-01    -1.664980E-01
   1.900000E+00     8.500000E-01    -8.292136E-02
   1.900000E+00     9.000000E-01    -3.840806E-02
   1.900000E+00     9.500000E-01    -1.636808E-02
   1.900000E+00     1.000000E+00    -5.804633E-03
   1.900000E+00     1.050000E+00     0.000000E+00
   1.950000E+00     0.000000E+00    -4.125668E-01
   1.950000E+00     5.000000E-02    -8.730340E-01
   1.950000E+00     1.000000E-01    -1.346081E+00
   1.950000E+00     1.500000E-01    -1.817121E+00
   1.950000E+00     2.000000E-01    -2.260533E+00
   1.950000E+00     2.500000E-01    -2.636361E+00
   1.950000E+00     3.000000E-01    -2.896316E+00
   1.950000E+00     3.500000E-01    -2.995623E+00
   1.950000E+00     4.000000E-01    -2.908955E+00
   1.950000E+00     4.500000E-01    -2.642989E+00
   1.950000E+00     5.000000E-01    -2.239294E+00
   1.950000E+00     5.500000E-01    -1.764382E+00
   1.950000E+00     6.000000E-01    -1.290384E+00
   1.950000E+00     6.500000E-01    -8.751717E-01
   1.950000E+00     7.000000E-01    -5.504771E-01
   1.950000E+00     7.500000E-01    -3.213753E-01
   1.950000E+00     8.000000E-01    -1.743539E-01
   1.950000E+00     8.500000E-01    -8.804358E-02
   1.950000E+00     9.000000E-01    -4.140722E-02
   1.950000E+00     9.500000E-01    -1.792650E-02
   1.950000E+00     1.000000E+00    -6.484321E-03
   1.950000E+00     1.050000E+00     0.000000E+00
   2.000000E+00     0.000000E+00    -4.444776E-01
   2.000000E+00     5.000000E-02    -8.909726E-01
   2.000000E+00     1.000000E-01    -1.346332E+00
   2.000000E+00     1.500000E-01    -1.802098E+00
   2.000000E+00     2.000000E-01    -2.230353E+00
   2.000000E+00     2.500000E-01    -2.593061E+00
   2.000000E+00     3.000000E-01    -2.845284E+00
   2.000000E+00     3.500000E-01    -2.944429E+00
   2.000000E+00     4.000000E-01    -2.865195E+00
   2.000000E+00     4.500000E-01    -2.612303E+00
   2.000000E+00     5.000000E-01    -2.224015E+00
   2.000000E+00     5.500000E-01    -1.763241E+00
   2.000000E+00     6.000000E-01    -1.299415E+00
   2.000000E+00     6.500000E-01    -8.893160E-01
   2.000000E+00     7.000000E-01    -5.652587E-01
   2.000000E+00     7.500000E-01    -3.339102E-01
   2.000000E+00     8.000000E-01    -1.835239E-01
   2.000000E+00     8.500000E-01    -9.397426E-02
   2.000000E+00     9.000000E-01    -4.482201E-02
   2.000000E+00     9.500000E-01    -1.960781E-02
   2.000000E+00     1.000000E+00    -7.152780E-03
   2.000000E+00     1.050000E+00     0.000000E+00
   2.050000E+00     0.000000E+00    -4.444776E-01
   2.050000E+00     5.000000E-02    -8.909726E-01
   2.050000E+00     1.000000E-01    -1.346332E+00
   2.050000E+00     1.500000E-01    -1.802098E+00
   2.050000E+00     2.000000E-01    -2.230353E+00
   2.050000E+00     2.500000E-01    -2.593061E+00
   2.050000E+00     3.000000E-01    -2.845284E+00
   2.050000E+00     3.500000E-01    -2.944429E+00
   2.050000E+00     4.000000E-01    -2.865195E+00
   2.050000E+00     4.500000E-01    -2.612303E+00
   2.050000E+00     5.000000E-01    -2.224015E+00
   2.050000E+00     5.500000E-01    -1.763241E+00
   2.050000E+00     6.000000E-01    -1.299415E+00
   2.050000E+00     6.500000E-01    -8.893160E-01
   2.050000E+00     7.000000E-01    -5.652587E-01
   2.050000E+00     7.500000E-01    -3.339102E-01
   2.050000E+00     8.000000E-01    -1.835239E-01
   2.050000E+00     8.500000E-01    -9.397426E-02
   2.050000E+00     9.000000E-01    -4.482201E-02
   2.050000E+00     9.500000E-01    -1.960781E-02
   2.050000E+00     1.000000E+00    -7.152780E-03
   2.050000E+00     1.050000E+00     0.000000E+00
