# X            Y            Psi
   0.000000E+00     0.000000E+00     0.000000E+00
   0.000000E+00     5.000000E-02     5.000000E-02
   0.000000E+00     1.000000E-01     1.000000E-01
   0.000000E+00     1.500000E-01     1.500000E-01
   0.000000E+00     2.000000E-01     2.000000E-01
   0.000000E+00     2.500000E-01     2.500000E-01
   0.000000E+00     3.000000E-01     3.000000E-01
   0.000000E+00     3.500000E-01     3.500000E-01
   0.000000E+00     4.000000E-01     4.000000E-01
   0.000000E+00     4.500000E-01     4.500000E-01
   0.000000E+00     5.000000E-01     5.000000E-01
   0.000000E+00     5.500000E-01     5.500000E-01
   0.000000E+00     6.000000E-01     6.000000E-01
   0.000000E+00     6.500000E-01     6.500000E-01
   0.000000E+00     7.000000E-01     7.000000E-01
   0.000000E+00     7.500000E-01     7.500000E-01
   0.000000E+00     8.000000E-01     8.000000E-01
   0.000000E+00     8.500000E-01     8.500000E-01
   0.000000E+00     9.000000E-01     9.000000E-01
   0.000000E+00     9.500000E-01     9.500000E-01
   0.000000E+00     1.000000E+00     1.000000E+00
   0.000000E+00     1.050000E+00     1.050000E+00
   5.000000E-02     0.000000E+00     0.000000E+00
   5.000000E-02     5.000000E-02     2.302445E-02
   5.000000E-02     1.000000E-01     6.363070E-02
   5.000000E-02     1.500000E-01     1.083710E-01
   5.000000E-02     2.000000E-01     1.542246E-01
   5.000000E-02     2.500000E-01     2.005067E-01
   5.000000E-02     3.000000E-01     2.469371E-01
   5.000000E-02     3.500000E-01     2.936117E-01
   5.000000E-02     4.000000E-01     3.407831E-01
   5.000000E-02     4.500000E-01     3.887109E-01
   5.000000E-02     5.000000E-01     4.376151E-01
   5.000000E-02     5.500000E-01     4.876508E-01
   5.000000E-02     6.000000E-01     5.388880E-01
   5.000000E-02     6.500000E-01     5.913044E-01
   5.000000E-02     7.000000E-01     6.447844E-01
   5.000000E-02     7.500000E-01     6.991243E-01
   5.000000E-02     8.000000E-01     7.540065E-01
   5.000000E-02     8.500000E-01     8.089574E-01
   5.000000E-02     9.000000E-01     8.633761E-01
   5.000000E-02     9.500000E-01     9.162429E-01
   5.000000E-02     1.000000E+00     9.639648E-01
   5.000000E-02     1.050000E+00     1.000000E+00
   1.000000E-01     0.000000E+00     0.000000E+00
   1.000000E-01     5.000000E-02     1.045227E-02
   1.000000E-01     1.000000E-01     3.914799E-02
   1.000000E-01     1.500000E-01     7.528236E-02
   1.000000E-01     2.000000E-01     1.144705E-01
   1.000000E-01     2.500000E-01     1.550802E-01
   1.000000E-01     3.000000E-01     1.965883E-01
   1.000000E-01     3.500000E-01     2.390515E-01
   1.000000E-01     4.000000E-01     2.827948E-01
   1.000000E-01     4.500000E-01     3.282309E-01
   1.000000E-01     5.000000E-01     3.757528E-01
   1.000000E-01     5.500000E-01     4.256470E-01
   1.000000E-01     6.000000E-01     4.780411E-01
   1.000000E-01     6.500000E-01     5.328810E-01
   1.000000E-01     7.000000E-01     5.899427E-01
   1.000000E-01     7.500000E-01     6.488550E-01
   1.000000E-01     8.000000E-01     7.091198E-01
   1.000000E-01     8.500000E-01     7.701062E-01
   1.000000E-01     9.000000E-01     8.309774E-01
   1.000000E-01     9.500000E-01     8.906586E-01
   1.000000E-01     1.000000E+00     9.477190E-01
   1.000000E-01     1.050000E+00     1.000000E+00
   1.500000E-01     0.000000E+00     0.000000E+00
   1.500000E-01     5.000000E-02     5.604744E-03
   1.500000E-01     1.000000E-01     2.393591E-02
   1.500000E-01     1.500000E-01     5.027433E-02
   1.500000E-01     2.000000E-01     8.112916E-02
   1.500000E-01     2.500000E-01     1.146457E-01
   1.500000E-01     3.000000E-01     1.500708E-01
   1.500000E-01     3.500000E-01     1.873849E-01
   1.500000E-01     4.000000E-01     2.269462E-01
   1.500000E-01     4.500000E-01     2.692937E-01
   1.500000E-01     5.000000E-01     3.149818E-01
   1.500000E-01     5.500000E-01     3.644301E-01
   1.500000E-01     6.000000E-01     4.178162E-01
   1.500000E-01     6.500000E-01     4.750408E-01
   1.500000E-01     7.000000E-01     5.357489E-01
   1.500000E-01     7.500000E-01     5.993948E-01
   1.500000E-01     8.000000E-01     6.653016E-01
   1.500000E-01     8.500000E-01     7.326971E-01
   1.500000E-01     9.000000E-01     8.006881E-01
   1.500000E-01     9.500000E-01     8.683654E-01
   1.500000E-01     1.000000E+00     9.351442E-01
   1.500000E-01     1.050000E+00     1.000000E+00
   2.000000E-01     0.000000E+00     0.000000E+00
   2.000000E-01     5.000000E-02     3.003500E-03
   2.000000E-01     1.000000E-01     1.387831E-02
   2.000000E-01     1.500000E-01     3.138697E-02
   2.000000E-01     2.000000E-01     5.372603E-02
   2.000000E-01     2.500000E-01     7.952132E-02
   2.000000E-01     3.000000E-01     1.081041E-01
   2.000000E-01     3.500000E-01     1.394712E-01
   2.000000E-01     4.000000E-01     1.740712E-01
   2.000000E-01     4.500000E-01     2.126186E-01
   2.000000E-01     5.000000E-01     2.558881E-01
   2.000000E-01     5.500000E-01     3.044808E-01
   2.000000E-01     6.000000E-01     3.586367E-01
   2.000000E-01     6.500000E-01     4.181834E-01
   2.000000E-01     7.000000E-01     4.825900E-01
   2.000000E-01     7.500000E-01     5.510982E-01
   2.000000E-01     8.000000E-01     6.228363E-01
   2.000000E-01     8.500000E-01     6.968921E-01
   2.000000E-01     9.000000E-01     7.723549E-01
   2.000000E-01     9.500000E-01     8.484205E-01
   2.000000E-01     1.000000E+00     9.245364E-01
   2.000000E-01     1.050000E+00     1.000000E+00
   2.500000E-01     0.000000E+00     0.000000E+00
   2.500000E-01     5.000000E-02     1.231320E-03
   2.500000E-01     1.000000E-01     6.663178E-03
   2.500000E-01     1.500000E-01     1.690088E-02
   2.500000E-01     2.000000E-01     3.145714E-02
   2.500000E-01     2.500000E-01     4.966438E-02
   2.500000E-01     3.000000E-01     7.116025E-02
   2.500000E-01     3.500000E-01     9.606324E-02
   2.500000E-01     4.000000E-01     1.249989E-01
   2.500000E-01     4.500000E-01     1.589768E-01
   2.500000E-01     5.000000E-01     1.991362E-01
   2.500000E-01     5.500000E-01     2.463753E-01
   2.500000E-01     6.000000E-01     3.010379E-01
   2.500000E-01     6.500000E-01     3.628316E-01
   2.500000E-01     7.000000E-01     4.309672E-01
   2.500000E-01     7.500000E-01     5.044091E-01
   2.500000E-01     8.000000E-01     5.820585E-01
   2.500000E-01     8.500000E-01     6.628504E-01
   2.500000E-01     9.000000E-01     7.458052E-01
   2.500000E-01     9.500000E-01     8.300853E-01
   2.500000E-01     1.000000E+00     9.150264E-01
   2.500000E-01     1.050000E+00     1.000000E+00
   3.000000E-01     0.000000E+00     0.000000E+00
   3.000000E-01     5.000000E-02    -1.635698E-04
   3.000000E-01     1.000000E-01     1.280208E-03
   3.000000E-01     1.500000E-01     5.813072E-03
   3.000000E-01     2.000000E-01     1.380969E-02
   3.000000E-01     2.500000E-01     2.517518E-02
   3.000000E-01     3.000000E-01     3.985192E-02
   3.000000E-01     3.500000E-01     5.811891E-02
   3.000000E-01     4.000000E-01     8.080702E-02
   3.000000E-01     4.500000E-01     1.093593E-01
   3.000000E-01     5.000000E-01     1.455799E-01
   3.000000E-01     5.500000E-01     1.908592E-01
   3.000000E-01     6.000000E-01     2.457411E-01
   3.000000E-01     6.500000E-01     3.097074E-01
   3.000000E-01     7.000000E-01     3.815637E-01
   3.000000E-01     7.500000E-01     4.599148E-01
   3.000000E-01     8.000000E-01     5.434032E-01
   3.000000E-01     8.500000E-01     6.307979E-01
   3.000000E-01     9.000000E-01     7.210143E-01
   3.000000E-01     9.500000E-01     8.131246E-01
   3.000000E-01     1.000000E+00     9.063510E-01
   3.000000E-01     1.050000E+00     1.000000E+00
   3.500000E-01     0.000000E+00     0.000000E+00
   3.500000E-01     5.000000E-02    -1.145270E-03
   3.500000E-01     1.000000E-01    -2.458093E-03
   3.500000E-01     1.500000E-01    -2.048249E-03
   3.500000E-01     2.000000E-01     8.882858E-04
   3.500000E-01     2.500000E-01     6.600381E-03
   3.500000E-01     3.000000E-01     1.523164E-02
   3.500000E-01     3.500000E-01     2.711438E-02
   3.500000E-01     4.000000E-01     4.312727E-02
   3.500000E-01     4.500000E-01     6.525532E-02
   3.500000E-01     5.000000E-01     9.642976E-02
   3.500000E-01     5.500000E-01     1.389700E-01
   3.500000E-01     6.000000E-01     1.937916E-01
   3.500000E-01     6.500000E-01     2.598530E-01
   3.500000E-01     7.000000E-01     3.353279E-01
   3.500000E-01     7.500000E-01     4.183958E-01
   3.500000E-01     8.000000E-01     5.074435E-01
   3.500000E-01     8.500000E-01     6.010902E-01
   3.500000E-01     9.000000E-01     6.981388E-01
   3.500000E-01     9.500000E-01     7.975549E-01
   3.500000E-01     1.000000E+00     8.984443E-01
   3.500000E-01     1.050000E+00     1.000000E+00
   4.000000E-01     0.000000E+00     0.000000E+00
   4.000000E-01     5.000000E-02    -1.592107E-03
   4.000000E-01     1.000000E-01    -4.301033E-03
   4.000000E-01     1.500000E-01    -6.266669E-03
   4.000000E-01     2.000000E-01    -6.604753E-03
   4.000000E-01     2.500000E-01    -4.960011E-03
   4.000000E-01     3.000000E-01    -1.104649E-03
   4.000000E-01     3.500000E-01     5.211122E-03
   4.000000E-01     4.000000E-01     1.457750E-02
   4.000000E-01     4.500000E-01     2.926155E-02
   4.000000E-01     5.000000E-01     5.338402E-02
   4.000000E-01     5.500000E-01     9.226268E-02
   4.000000E-01     6.000000E-01     1.468236E-01
   4.000000E-01     6.500000E-01     2.147880E-01
   4.000000E-01     7.000000E-01     2.935118E-01
   4.000000E-01     7.500000E-01     3.808037E-01
   4.000000E-01     8.000000E-01     4.748645E-01
   4.000000E-01     8.500000E-01     5.741803E-01
   4.000000E-01     9.000000E-01     6.774394E-01
   4.000000E-01     9.500000E-01     7.834927E-01
   4.000000E-01     1.000000E+00     8.913240E-01
   4.000000E-01     1.050000E+00     1.000000E+00
   4.500000E-01     0.000000E+00     0.000000E+00
   4.500000E-01     5.000000E-02    -1.289600E-03
   4.500000E-01     1.000000E-01    -3.707625E-03
   4.500000E-01     1.500000E-01    -5.968345E-03
   4.500000E-01     2.000000E-01    -7.442165E-03
   4.500000E-01     2.500000E-01    -7.868911E-03
   4.500000E-01     3.000000E-01    -7.059339E-03
   4.500000E-01     3.500000E-01    -4.852072E-03
   4.500000E-01     4.000000E-01    -1.087719E-03
   4.500000E-01     4.500000E-01     5.840302E-03
   4.500000E-01     5.000000E-01     1.938648E-02
   4.500000E-01     5.500000E-01     5.355393E-02
   4.500000E-01     6.000000E-01     1.073767E-01
   4.500000E-01     6.500000E-01     1.764739E-01
   4.500000E-01     7.000000E-01     2.575290E-01
   4.500000E-01     7.500000E-01     3.481374E-01
   4.500000E-01     8.000000E-01     4.463618E-01
   4.500000E-01     8.500000E-01     5.505340E-01
   4.500000E-01     9.000000E-01     6.592046E-01
   4.500000E-01     9.500000E-01     7.710923E-01
   4.500000E-01     1.000000E+00     8.850467E-01
   4.500000E-01     1.050000E+00     1.000000E+00
   5.000000E-01     0.000000E+00     0.000000E+00
   5.000000E-01     5.000000E-02     0.000000E+00
   5.000000E-01     1.000000E-01     0.000000E+00
   5.000000E-01     1.500000E-01     0.000000E+00
   5.000000E-01     2.000000E-01     0.000000E+00
   5.000000E-01     2.500000E-01     0.000000E+00
   5.000000E-01     3.000000E-01     0.000000E+00
   5.000000E-01     3.500000E-01     0.000000E+00
   5.000000E-01     4.000000E-01     0.000000E+00
   5.000000E-01     4.500000E-01     0.000000E+00
   5.000000E-01     5.000000E-01     0.000000E+00
   5.000000E-01     5.500000E-01     2.730700E-02
   5.000000E-01     6.000000E-01     7.835055E-02
   5.000000E-01     6.500000E-01     1.466877E-01
   5.000000E-01     7.000000E-01     2.285165E-01
   5.000000E-01     7.500000E-01     3.211812E-01
   5.000000E-01     8.000000E-01     4.224798E-01
   5.000000E-01     8.500000E-01     5.305236E-01
   5.000000E-01     9.000000E-01     6.436759E-01
   5.000000E-01     9.500000E-01     7.604918E-01
   5.000000E-01     1.000000E+00     8.796710E-01
   5.000000E-01     1.050000E+00     1.000000E+00
   5.500000E-01     5.000000E-01     0.000000E+00
   5.500000E-01     5.500000E-01     1.665020E-02
   5.500000E-01     6.000000E-01     6.055940E-02
   5.500000E-01     6.500000E-01     1.256933E-01
   5.500000E-01     7.000000E-01     2.067482E-01
   5.500000E-01     7.500000E-01     3.002094E-01
   5.500000E-01     8.000000E-01     4.034575E-01
   5.500000E-01     8.500000E-01     5.143368E-01
   5.500000E-01     9.000000E-01     6.309868E-01
   5.500000E-01     9.500000E-01     7.517747E-01
   5.500000E-01     1.000000E+00     8.752350E-01
   5.500000E-01     1.050000E+00     1.000000E+00
   6.000000E-01     5.000000E-01     0.000000E+00
   6.000000E-01     5.500000E-01     1.183732E-02
   6.000000E-01     6.000000E-01     5.087552E-02
   6.000000E-01     6.500000E-01     1.123968E-01
   6.000000E-01     7.000000E-01     1.916806E-01
   6.000000E-01     7.500000E-01     2.849375E-01
   6.000000E-01     8.000000E-01     3.891720E-01
   6.000000E-01     8.500000E-01     5.019316E-01
   6.000000E-01     9.000000E-01     6.211308E-01
   6.000000E-01     9.500000E-01     7.449465E-01
   6.000000E-01     1.000000E+00     8.717429E-01
   6.000000E-01     1.050000E+00     1.000000E+00
   6.500000E-01     5.000000E-01     0.000000E+00
   6.500000E-01     5.500000E-01     9.624024E-03
   6.500000E-01     6.000000E-01     4.571116E-02
   6.500000E-01     6.500000E-01     1.045188E-01
   6.500000E-01     7.000000E-01     1.820589E-01
   6.500000E-01     7.500000E-01     2.746657E-01
   6.500000E-01     8.000000E-01     3.792130E-01
   6.500000E-01     8.500000E-01     4.930697E-01
   6.500000E-01     9.000000E-01     6.139735E-01
   6.500000E-01     9.500000E-01     7.399354E-01
   6.500000E-01     1.000000E+00     8.691640E-01
   6.500000E-01     1.050000E+00     1.000000E+00
   7.000000E-01     5.000000E-01     0.000000E+00
   7.000000E-01     5.500000E-01     8.540172E-03
   7.000000E-01     6.000000E-01     4.318449E-02
   7.000000E-01     6.500000E-01     1.004005E-01
   7.000000E-01     7.000000E-01     1.766505E-01
   7.000000E-01     7.500000E-01     2.685457E-01
   7.000000E-01     8.000000E-01     3.730265E-01
   7.000000E-01     8.500000E-01     4.873980E-01
   7.000000E-01     9.000000E-01     6.092955E-01
   7.000000E-01     9.500000E-01     7.366136E-01
   7.000000E-01     1.000000E+00     8.674407E-01
   7.000000E-01     1.050000E+00     1.000000E+00
   7.500000E-01     5.000000E-01     0.000000E+00
   7.500000E-01     5.500000E-01     8.444255E-03
   7.500000E-01     6.000000E-01     4.260151E-02
   7.500000E-01     6.500000E-01     9.906241E-02
   7.500000E-01     7.000000E-01     1.745315E-01
   7.500000E-01     7.500000E-01     2.658487E-01
   7.500000E-01     8.000000E-01     3.700748E-01
   7.500000E-01     8.500000E-01     4.845383E-01
   7.500000E-01     9.000000E-01     6.068441E-01
   7.500000E-01     9.500000E-01     7.348281E-01
   7.500000E-01     1.000000E+00     8.665012E-01
   7.500000E-01     1.050000E+00     1.000000E+00
   8.000000E-01     5.000000E-01     0.000000E+00
   8.000000E-01     5.500000E-01     9.294930E-03
   8.000000E-01     6.000000E-01     4.366305E-02
   8.000000E-01     6.500000E-01     9.998720E-02
   8.000000E-01     7.000000E-01     1.751285E-01
   8.000000E-01     7.500000E-01     2.660511E-01
   8.000000E-01     8.000000E-01     3.699249E-01
   8.000000E-01     8.500000E-01     4.841555E-01
   8.000000E-01     9.000000E-01     6.063796E-01
   8.000000E-01     9.500000E-01     7.344259E-01
   8.000000E-01     1.000000E+00     8.662705E-01
   8.000000E-01     1.050000E+00     1.000000E+00
   8.500000E-01     5.000000E-01     0.000000E+00
   8.500000E-01     5.500000E-01     1.087733E-02
   8.500000E-01     6.000000E-01     4.613112E-02
   8.500000E-01     6.500000E-01     1.029281E-01
   8.500000E-01     7.000000E-01     1.781542E-01
   8.500000E-01     7.500000E-01     2.688403E-01
   8.500000E-01     8.000000E-01     3.722764E-01
   8.500000E-01     8.500000E-01     4.859916E-01
   8.500000E-01     9.000000E-01     6.077003E-01
   8.500000E-01     9.500000E-01     7.352694E-01
   8.500000E-01     1.000000E+00     8.666799E-01
   8.500000E-01     1.050000E+00     1.000000E+00
   9.000000E-01     5.000000E-01     0.000000E+00
   9.000000E-01     5.500000E-01     1.298094E-02
   9.000000E-01     6.000000E-01     4.997706E-02
   9.000000E-01     6.500000E-01     1.079236E-01
   9.000000E-01     7.000000E-01     1.835788E-01
   9.000000E-01     7.500000E-01     2.740944E-01
   9.000000E-01     8.000000E-01     3.769548E-01
   9.000000E-01     8.500000E-01     4.898612E-01
   9.000000E-01     9.000000E-01     6.106448E-01
   9.000000E-01     9.500000E-01     7.372414E-01
   9.000000E-01     1.000000E+00     8.676672E-01
   9.000000E-01     1.050000E+00     1.000000E+00
   9.500000E-01     5.000000E-01     0.000000E+00
   9.500000E-01     5.500000E-01     1.601386E-02
   9.500000E-01     6.000000E-01     5.575777E-02
   9.500000E-01     6.500000E-01     1.153882E-01
   9.500000E-01     7.000000E-01     1.915799E-01
   9.500000E-01     7.500000E-01     2.818092E-01
   9.500000E-01     8.000000E-01     3.838592E-01
   9.500000E-01     8.500000E-01     4.956266E-01
   9.500000E-01     9.000000E-01     6.150791E-01
   9.500000E-01     9.500000E-01     7.402396E-01
   9.500000E-01     1.000000E+00     8.691778E-01
   9.500000E-01     1.050000E+00     1.000000E+00
   1.000000E+00     0.000000E+00     0.000000E+00
   1.000000E+00     5.000000E-02     0.000000E+00
   1.000000E+00     1.000000E-01     0.000000E+00
   1.000000E+00     1.500000E-01     0.000000E+00
   1.000000E+00     2.000000E-01     0.000000E+00
   1.000000E+00     2.500000E-01     0.000000E+00
   1.000000E+00     3.000000E-01     0.000000E+00
   1.000000E+00     3.500000E-01     0.000000E+00
   1.000000E+00     4.000000E-01     0.000000E+00
   1.000000E+00     4.500000E-01     0.000000E+00
   1.000000E+00     5.000000E-01     0.000000E+00
   1.000000E+00     5.500000E-01     2.161239E-02
   1.000000E+00     6.000000E-01     6.489771E-02
   1.000000E+00     6.500000E-01     1.260118E-01
   1.000000E+00     7.000000E-01     2.023878E-01
   1.000000E+00     7.500000E-01     2.919932E-01
   1.000000E+00     8.000000E-01     3.928903E-01
   1.000000E+00     8.500000E-01     5.031515E-01
   1.000000E+00     9.000000E-01     6.208718E-01
   1.000000E+00     9.500000E-01     7.441633E-01
   1.000000E+00     1.000000E+00     8.711572E-01
   1.000000E+00     1.050000E+00     1.000000E+00
   1.050000E+00     0.000000E+00     0.000000E+00
   1.050000E+00     5.000000E-02    -9.809315E-04
   1.050000E+00     1.000000E-01    -3.159752E-03
   1.050000E+00     1.500000E-01    -5.807585E-03
   1.050000E+00     2.000000E-01    -8.420093E-03
   1.050000E+00     2.500000E-01    -1.053290E-02
   1.050000E+00     3.000000E-01    -1.174899E-02
   1.050000E+00     3.500000E-01    -1.153097E-02
   1.050000E+00     4.000000E-01    -9.208367E-03
   1.050000E+00     4.500000E-01    -3.757834E-03
   1.050000E+00     5.000000E-01     6.537340E-03
   1.050000E+00     5.500000E-01     3.325669E-02
   1.050000E+00     6.000000E-01     7.837017E-02
   1.050000E+00     6.500000E-01     1.399674E-01
   1.050000E+00     7.000000E-01     2.159612E-01
   1.050000E+00     7.500000E-01     3.045180E-01
   1.050000E+00     8.000000E-01     4.038770E-01
   1.050000E+00     8.500000E-01     5.122599E-01
   1.050000E+00     9.000000E-01     6.278693E-01
   1.050000E+00     9.500000E-01     7.489007E-01
   1.050000E+00     1.000000E+00     8.735466E-01
   1.050000E+00     1.050000E+00     1.000000E+00
   1.100000E+00     0.000000E+00     0.000000E+00
   1.100000E+00     5.000000E-02    -1.522201E-03
   1.100000E+00     1.000000E-01    -4.936874E-03
   1.100000E+00     1.500000E-01    -9.004679E-03
   1.100000E+00     2.000000E-01    -1.284438E-02
   1.100000E+00     2.500000E-01    -1.570652E-02
   1.100000E+00     3.000000E-01    -1.686661E-02
   1.100000E+00     3.500000E-01    -1.550112E-02
   1.100000E+00     4.000000E-01    -1.056700E-02
   1.100000E+00     4.500000E-01    -5.748697E-04
   1.100000E+00     5.000000E-01     1.757875E-02
   1.100000E+00     5.500000E-01     4.868907E-02
   1.100000E+00     6.000000E-01     9.522670E-02
   1.100000E+00     6.500000E-01     1.567895E-01
   1.100000E+00     7.000000E-01     2.319299E-01
   1.100000E+00     7.500000E-01     3.190516E-01
   1.100000E+00     8.000000E-01     4.165317E-01
   1.100000E+00     8.500000E-01     5.227090E-01
   1.100000E+00     9.000000E-01     6.358817E-01
   1.100000E+00     9.500000E-01     7.543207E-01
   1.100000E+00     1.000000E+00     8.762790E-01
   1.100000E+00     1.050000E+00     1.000000E+00
   1.150000E+00     0.000000E+00     0.000000E+00
   1.150000E+00     5.000000E-02    -1.714572E-03
   1.150000E+00     1.000000E-01    -5.582131E-03
   1.150000E+00     1.500000E-01    -1.009954E-02
   1.150000E+00     2.000000E-01    -1.413295E-02
   1.150000E+00     2.500000E-01    -1.672360E-02
   1.150000E+00     3.000000E-01    -1.692950E-02
   1.150000E+00     3.500000E-01    -1.373050E-02
   1.150000E+00     4.000000E-01    -5.881053E-03
   1.150000E+00     4.500000E-01     8.295813E-03
   1.150000E+00     5.000000E-01     3.146856E-02
   1.150000E+00     5.500000E-01     6.610351E-02
   1.150000E+00     6.000000E-01     1.140576E-01
   1.150000E+00     6.500000E-01     1.755213E-01
   1.150000E+00     7.000000E-01     2.496259E-01
   1.150000E+00     7.500000E-01     3.350881E-01
   1.150000E+00     8.000000E-01     4.304577E-01
   1.150000E+00     8.500000E-01     5.341918E-01
   1.150000E+00     9.000000E-01     6.446814E-01
   1.150000E+00     9.500000E-01     7.602722E-01
   1.150000E+00     1.000000E+00     8.792792E-01
   1.150000E+00     1.050000E+00     1.000000E+00
   1.200000E+00     0.000000E+00     0.000000E+00
   1.200000E+00     5.000000E-02    -1.660351E-03
   1.200000E+00     1.000000E-01    -5.397304E-03
   1.200000E+00     1.500000E-01    -9.629611E-03
   1.200000E+00     2.000000E-01    -1.309138E-02
   1.200000E+00     2.500000E-01    -1.468472E-02
   1.200000E+00     3.000000E-01    -1.334129E-02
   1.200000E+00     3.500000E-01    -7.928599E-03
   1.200000E+00     4.000000E-01     2.857253E-03
   1.200000E+00     4.500000E-01     2.061816E-02
   1.200000E+00     5.000000E-01     4.730333E-02
   1.200000E+00     5.500000E-01     8.463246E-02
   1.200000E+00     6.000000E-01     1.338475E-01
   1.200000E+00     6.500000E-01     1.952466E-01
   1.200000E+00     7.000000E-01     2.683146E-01
   1.200000E+00     7.500000E-01     3.520548E-01
   1.200000E+00     8.000000E-01     4.452086E-01
   1.200000E+00     8.500000E-01     5.463661E-01
   1.200000E+00     9.000000E-01     6.540183E-01
   1.200000E+00     9.500000E-01     7.665909E-01
   1.200000E+00     1.000000E+00     8.824657E-01
   1.200000E+00     1.050000E+00     1.000000E+00
   1.250000E+00     0.000000E+00     0.000000E+00
   1.250000E+00     5.000000E-02    -1.447960E-03
   1.250000E+00     1.000000E-01    -4.652472E-03
   1.250000E+00     1.500000E-01    -8.076552E-03
   1.250000E+00     2.000000E-01    -1.042041E-02
   1.250000E+00     2.500000E-01    -1.052372E-02
   1.250000E+00     3.000000E-01    -7.264742E-03
   1.250000E+00     3.500000E-01     5.216519E-04
   1.250000E+00     4.000000E-01     1.410180E-02
   1.250000E+00     4.500000E-01     3.487115E-02
   1.250000E+00     5.000000E-01     6.430287E-02
   1.250000E+00     5.500000E-01     1.037031E-01
   1.250000E+00     6.000000E-01     1.539459E-01
   1.250000E+00     6.500000E-01     2.152807E-01
   1.250000E+00     7.000000E-01     2.873651E-01
   1.250000E+00     7.500000E-01     3.694139E-01
   1.250000E+00     8.000000E-01     4.603473E-01
   1.250000E+00     8.500000E-01     5.588901E-01
   1.250000E+00     9.000000E-01     6.636403E-01
   1.250000E+00     9.500000E-01     7.731106E-01
   1.250000E+00     1.000000E+00     8.857563E-01
   1.250000E+00     1.050000E+00     1.000000E+00
   1.300000E+00     0.000000E+00     0.000000E+00
   1.300000E+00     5.000000E-02    -1.138591E-03
   1.300000E+00     1.000000E-01    -3.554837E-03
   1.300000E+00     1.500000E-01    -5.827757E-03
   1.300000E+00     2.000000E-01    -6.695062E-03
   1.300000E+00     2.500000E-01    -5.000122E-03
   1.300000E+00     3.000000E-01     3.754795E-04
   1.300000E+00     3.500000E-01     1.056329E-02
   1.300000E+00     4.000000E-01     2.673316E-02
   1.300000E+00     4.500000E-01     5.008499E-02
   1.300000E+00     5.000000E-01     8.178975E-02
   1.300000E+00     5.500000E-01     1.228428E-01
   1.300000E+00     6.000000E-01     1.738923E-01
   1.300000E+00     6.500000E-01     2.351268E-01
   1.300000E+00     7.000000E-01     3.062834E-01
   1.300000E+00     7.500000E-01     3.867157E-01
   1.300000E+00     8.000000E-01     4.754876E-01
   1.300000E+00     8.500000E-01     5.714512E-01
   1.300000E+00     9.000000E-01     6.733124E-01
   1.300000E+00     9.500000E-01     7.796746E-01
   1.300000E+00     1.000000E+00     8.890723E-01
   1.300000E+00     1.050000E+00     1.000000E+00
   1.350000E+00     0.000000E+00     0.000000E+00
   1.350000E+00     5.000000E-02    -7.764709E-04
   1.350000E+00     1.000000E-01    -2.259142E-03
   1.350000E+00     1.500000E-01    -3.181088E-03
   1.350000E+00     2.000000E-01    -2.365436E-03
   1.350000E+00     2.500000E-01     1.291036E-03
   1.350000E+00     3.000000E-01     8.857342E-03
   1.350000E+00     3.500000E-01     2.139498E-02
   1.350000E+00     4.000000E-01     3.995865E-02
   1.350000E+00     4.500000E-01     6.558004E-02
   1.350000E+00     5.000000E-01     9.921284E-02
   1.350000E+00     5.500000E-01     1.416294E-01
   1.350000E+00     6.000000E-01     1.933181E-01
   1.350000E+00     6.500000E-01     2.544163E-01
   1.350000E+00     7.000000E-01     3.246961E-01
   1.350000E+00     7.500000E-01     4.036031E-01
   1.350000E+00     8.000000E-01     4.903108E-01
   1.350000E+00     8.500000E-01     5.837838E-01
   1.350000E+00     9.000000E-01     6.828298E-01
   1.350000E+00     9.500000E-01     7.861441E-01
   1.350000E+00     1.000000E+00     8.923439E-01
   1.350000E+00     1.050000E+00     1.000000E+00
   1.400000E+00     0.000000E+00     0.000000E+00
   1.400000E+00     5.000000E-02    -3.954361E-04
   1.400000E+00     1.000000E-01    -8.802189E-04
   1.400000E+00     1.500000E-01    -3.583979E-04
   1.400000E+00     2.000000E-01     2.229403E-03
   1.400000E+00     2.500000E-01     7.901091E-03
   1.400000E+00     3.000000E-01     1.764713E-02
   1.400000E+00     3.500000E-01     3.243703E-02
   1.400000E+00     4.000000E-01     5.321099E-02
   1.400000E+00     4.500000E-01     8.085545E-02
   1.400000E+00     5.000000E-01     1.161545E-01
   1.400000E+00     5.500000E-01     1.597210E-01
   1.400000E+00     6.000000E-01     2.119286E-01
   1.400000E+00     6.500000E-01     2.728664E-01
   1.400000E+00     7.000000E-01     3.423223E-01
   1.400000E+00     7.500000E-01     4.198021E-01
   1.400000E+00     8.000000E-01     5.045658E-01
   1.400000E+00     8.500000E-01     5.956724E-01
   1.400000E+00     9.000000E-01     6.920234E-01
   1.400000E+00     9.500000E-01     7.924031E-01
   1.400000E+00     1.000000E+00     8.955121E-01
   1.400000E+00     1.050000E+00     1.000000E+00
   1.450000E+00     0.000000E+00     0.000000E+00
   1.450000E+00     5.000000E-02    -1.649352E-05
   1.450000E+00     1.000000E-01     5.022695E-04
   1.450000E+00     1.500000E-01     2.479489E-03
   1.450000E+00     2.000000E-01     6.842409E-03
   1.450000E+00     2.500000E-01     1.450390E-02
   1.450000E+00     3.000000E-01     2.635869E-02
   1.450000E+00     3.500000E-01     4.327590E-02
   1.450000E+00     4.000000E-01     6.608379E-02
   1.450000E+00     4.500000E-01     9.554273E-02
   1.450000E+00     5.000000E-01     1.323038E-01
   1.450000E+00     5.500000E-01     1.768598E-01
   1.450000E+00     6.000000E-01     2.294972E-01
   1.450000E+00     6.500000E-01     2.902630E-01
   1.450000E+00     7.000000E-01     3.589503E-01
   1.450000E+00     7.500000E-01     4.351073E-01
   1.450000E+00     8.000000E-01     5.180608E-01
   1.450000E+00     8.500000E-01     6.069496E-01
   1.450000E+00     9.000000E-01     7.007595E-01
   1.450000E+00     9.500000E-01     7.983586E-01
   1.450000E+00     1.000000E+00     8.985293E-01
   1.450000E+00     1.050000E+00     1.000000E+00
   1.500000E+00     0.000000E+00     0.000000E+00
   1.500000E+00     5.000000E-02     3.461590E-04
   1.500000E+00     1.000000E-01     1.834134E-03
   1.500000E+00     1.500000E-01     5.221478E-03
   1.500000E+00     2.000000E-01     1.129984E-02
   1.500000E+00     2.500000E-01     2.086843E-02
   1.500000E+00     3.000000E-01     3.471842E-02
   1.500000E+00     3.500000E-01     5.361744E-02
   1.500000E+00     4.000000E-01     7.828773E-02
   1.500000E+00     4.500000E-01     1.093791E-01
   1.500000E+00     5.000000E-01     1.474353E-01
   1.500000E+00     5.500000E-01     1.928546E-01
   1.500000E+00     6.000000E-01     2.458552E-01
   1.500000E+00     6.500000E-01     3.064475E-01
   1.500000E+00     7.000000E-01     3.744256E-01
   1.500000E+00     7.500000E-01     4.493680E-01
   1.500000E+00     8.000000E-01     5.306541E-01
   1.500000E+00     8.500000E-01     6.174901E-01
   1.500000E+00     9.000000E-01     7.089365E-01
   1.500000E+00     9.500000E-01     8.039391E-01
   1.500000E+00     1.000000E+00     9.013586E-01
   1.500000E+00     1.050000E+00     1.000000E+00
   1.550000E+00     0.000000E+00     0.000000E+00
   1.550000E+00     5.000000E-02     6.847909E-04
   1.550000E+00     1.000000E-01     3.080953E-03
   1.550000E+00     1.500000E-01     7.793795E-03
   1.550000E+00     2.000000E-01     1.548398E-02
   1.550000E+00     2.500000E-01     2.683688E-02
   1.550000E+00     3.000000E-01     4.253988E-02
   1.550000E+00     3.500000E-01     6.326074E-02
   1.550000E+00     4.000000E-01     8.962364E-02
   1.550000E+00     4.500000E-01     1.221823E-01
   1.550000E+00     5.000000E-01     1.613902E-01
   1.550000E+00     5.500000E-01     2.075692E-01
   1.550000E+00     6.000000E-01     2.608813E-01
   1.550000E+00     6.500000E-01     3.213072E-01
   1.550000E+00     7.000000E-01     3.886387E-01
   1.550000E+00     7.500000E-01     4.624770E-01
   1.550000E+00     8.000000E-01     5.422441E-01
   1.550000E+00     8.500000E-01     6.272031E-01
   1.550000E+00     9.000000E-01     7.164803E-01
   1.550000E+00     9.500000E-01     8.090922E-01
   1.550000E+00     1.000000E+00     9.039726E-01
   1.550000E+00     1.050000E+00     1.000000E+00
   1.600000E+00     0.000000E+00     0.000000E+00
   1.600000E+00     5.000000E-02     9.930391E-04
   1.600000E+00     1.000000E-01     4.219712E-03
   1.600000E+00     1.500000E-01     1.014850E-02
   1.600000E+00     2.000000E-01     1.931840E-02
   1.600000E+00     2.500000E-01     3.230624E-02
   1.600000E+00     3.000000E-01     4.969983E-02
   1.600000E+00     3.500000E-01     7.207278E-02
   1.600000E+00     4.000000E-01     9.995984E-02
   1.600000E+00     4.500000E-01     1.338302E-01
   1.600000E+00     5.000000E-01     1.740608E-01
   1.600000E+00     5.500000E-01     2.209096E-01
   1.600000E+00     6.000000E-01     2.744923E-01
   1.600000E+00     6.500000E-01     3.347647E-01
   1.600000E+00     7.000000E-01     4.015148E-01
   1.600000E+00     7.500000E-01     4.743612E-01
   1.600000E+00     8.000000E-01     5.527611E-01
   1.600000E+00     8.500000E-01     6.360255E-01
   1.600000E+00     9.000000E-01     7.233387E-01
   1.600000E+00     9.500000E-01     8.137804E-01
   1.600000E+00     1.000000E+00     9.063518E-01
   1.600000E+00     1.050000E+00     1.000000E+00
   1.650000E+00     0.000000E+00     0.000000E+00
   1.650000E+00     5.000000E-02     1.267425E-03
   1.650000E+00     1.000000E-01     5.236580E-03
   1.650000E+00     1.500000E-01     1.225636E-02
   1.650000E+00     2.000000E-01     2.275618E-02
   1.650000E+00     2.500000E-01     3.721287E-02
   1.650000E+00     3.000000E-01     5.612184E-02
   1.650000E+00     3.500000E-01     7.997066E-02
   1.650000E+00     4.000000E-01     1.092135E-01
   1.650000E+00     4.500000E-01     1.442456E-01
   1.650000E+00     5.000000E-01     1.853783E-01
   1.650000E+00     5.500000E-01     2.328158E-01
   1.650000E+00     6.000000E-01     2.866348E-01
   1.650000E+00     6.500000E-01     3.467699E-01
   1.650000E+00     7.000000E-01     4.130053E-01
   1.650000E+00     7.500000E-01     4.849731E-01
   1.650000E+00     8.000000E-01     5.621593E-01
   1.650000E+00     8.500000E-01     6.439159E-01
   1.650000E+00     9.000000E-01     7.294769E-01
   1.650000E+00     9.500000E-01     8.179790E-01
   1.650000E+00     1.000000E+00     9.084833E-01
   1.650000E+00     1.050000E+00     1.000000E+00
   1.700000E+00     0.000000E+00     0.000000E+00
   1.700000E+00     5.000000E-02     1.505959E-03
   1.700000E+00     1.000000E-01     6.124411E-03
   1.700000E+00     1.500000E-01     1.410181E-02
   1.700000E+00     2.000000E-01     2.577127E-02
   1.700000E+00     2.500000E-01     4.152042E-02
   1.700000E+00     3.000000E-01     6.176182E-02
   1.700000E+00     3.500000E-01     8.690602E-02
   1.700000E+00     4.000000E-01     1.173361E-01
   1.700000E+00     4.500000E-01     1.533830E-01
   1.700000E+00     5.000000E-01     1.953022E-01
   1.700000E+00     5.500000E-01     2.432523E-01
   1.700000E+00     6.000000E-01     2.972775E-01
   1.700000E+00     6.500000E-01     3.572938E-01
   1.700000E+00     7.000000E-01     4.230817E-01
   1.700000E+00     7.500000E-01     4.942841E-01
   1.700000E+00     8.000000E-01     5.704108E-01
   1.700000E+00     8.500000E-01     6.508480E-01
   1.700000E+00     9.000000E-01     7.348729E-01
   1.700000E+00     9.500000E-01     8.216714E-01
   1.700000E+00     1.000000E+00     9.103584E-01
   1.700000E+00     1.050000E+00     1.000000E+00
   1.750000E+00     0.000000E+00     0.000000E+00
   1.750000E+00     5.000000E-02     1.708500E-03
   1.750000E+00     1.000000E-01     6.881025E-03
   1.750000E+00     1.500000E-01     1.567840E-02
   1.750000E+00     2.000000E-01     2.835161E-02
   1.750000E+00     2.500000E-01     4.521113E-02
   1.750000E+00     3.000000E-01     6.659742E-02
   1.750000E+00     3.500000E-01     9.285407E-02
   1.750000E+00     4.000000E-01     1.243028E-01
   1.750000E+00     4.500000E-01     1.612196E-01
   1.750000E+00     5.000000E-01     2.038125E-01
   1.750000E+00     5.500000E-01     2.522020E-01
   1.750000E+00     6.000000E-01     3.064050E-01
   1.750000E+00     6.500000E-01     3.663215E-01
   1.750000E+00     7.000000E-01     4.317290E-01
   1.750000E+00     7.500000E-01     5.022787E-01
   1.750000E+00     8.000000E-01     5.774994E-01
   1.750000E+00     8.500000E-01     6.568065E-01
   1.750000E+00     9.000000E-01     7.395132E-01
   1.750000E+00     9.500000E-01     8.248478E-01
   1.750000E+00     1.000000E+00     9.119720E-01
   1.750000E+00     1.050000E+00     1.000000E+00
   1.800000E+00     0.000000E+00     0.000000E+00
   1.800000E+00     5.000000E-02     1.875904E-03
   1.800000E+00     1.000000E-01     7.507074E-03
   1.800000E+00     1.500000E-01     1.698539E-02
   1.800000E+00     2.000000E-01     3.049409E-02
   1.800000E+00     2.500000E-01     4.827918E-02
   1.800000E+00     3.000000E-01     7.062055E-02
   1.800000E+00     3.500000E-01     9.780544E-02
   1.800000E+00     4.000000E-01     1.301041E-01
   1.800000E+00     4.500000E-01     1.677465E-01
   1.800000E+00     5.000000E-01     2.109017E-01
   1.800000E+00     5.500000E-01     2.596588E-01
   1.800000E+00     6.000000E-01     3.140117E-01
   1.800000E+00     6.500000E-01     3.738476E-01
   1.800000E+00     7.000000E-01     4.389408E-01
   1.800000E+00     7.500000E-01     5.089491E-01
   1.800000E+00     8.000000E-01     5.834168E-01
   1.800000E+00     8.500000E-01     6.617827E-01
   1.800000E+00     9.000000E-01     7.433901E-01
   1.800000E+00     9.500000E-01     8.275025E-01
   1.800000E+00     1.000000E+00     9.133207E-01
   1.800000E+00     1.050000E+00     1.000000E+00
   1.850000E+00     0.000000E+00     0.000000E+00
   1.850000E+00     5.000000E-02     2.008447E-03
   1.850000E+00     1.000000E-01     8.003946E-03
   1.850000E+00     1.500000E-01     1.802477E-02
   1.850000E+00     2.000000E-01     3.220042E-02
   1.850000E+00     2.500000E-01     5.072551E-02
   1.850000E+00     3.000000E-01     7.383135E-02
   1.850000E+00     3.500000E-01     1.017596E-01
   1.850000E+00     4.000000E-01     1.347393E-01
   1.850000E+00     4.500000E-01     1.729635E-01
   1.850000E+00     5.000000E-01     2.165699E-01
   1.850000E+00     5.500000E-01     2.656226E-01
   1.850000E+00     6.000000E-01     3.200973E-01
   1.850000E+00     6.500000E-01     3.798710E-01
   1.850000E+00     7.000000E-01     4.447149E-01
   1.850000E+00     7.500000E-01     5.142918E-01
   1.850000E+00     8.000000E-01     5.881584E-01
   1.850000E+00     8.500000E-01     6.657716E-01
   1.850000E+00     9.000000E-01     7.464989E-01
   1.850000E+00     9.500000E-01     8.296318E-01
   1.850000E+00     1.000000E+00     9.144025E-01
   1.850000E+00     1.050000E+00     1.000000E+00
   1.900000E+00     0.000000E+00     0.000000E+00
   1.900000E+00     5.000000E-02     2.106703E-03
   1.900000E+00     1.000000E-01     8.373671E-03
   1.900000E+00     1.500000E-01     1.879967E-02
   1.900000E+00     2.000000E-01     3.347452E-02
   1.900000E+00     2.500000E-01     5.255439E-02
   1.900000E+00     3.000000E-01     7.623362E-02
   1.900000E+00     3.500000E-01     1.047202E-01
   1.900000E+00     4.000000E-01     1.382117E-01
   1.900000E+00     4.500000E-01     1.768735E-01
   1.900000E+00     5.000000E-01     2.208197E-01
   1.900000E+00     5.500000E-01     2.700954E-01
   1.900000E+00     6.000000E-01     3.246631E-01
   1.900000E+00     6.500000E-01     3.843916E-01
   1.900000E+00     7.000000E-01     4.490500E-01
   1.900000E+00     7.500000E-01     5.183045E-01
   1.900000E+00     8.000000E-01     5.917209E-01
   1.900000E+00     8.500000E-01     6.687696E-01
   1.900000E+00     9.000000E-01     7.488360E-01
   1.900000E+00     9.500000E-01     8.312328E-01
   1.900000E+00     1.000000E+00     9.152159E-01
   1.900000E+00     1.050000E+00     1.000000E+00
   1.950000E+00     0.000000E+00     0.000000E+00
   1.950000E+00     5.000000E-02     2.171958E-03
   1.950000E+00     1.000000E-01     8.618827E-03
   1.950000E+00     1.500000E-01     1.931407E-02
   1.950000E+00     2.000000E-01     3.432113E-02
   1.950000E+00     2.500000E-01     5.377078E-02
   1.950000E+00     3.000000E-01     7.783261E-02
   1.950000E+00     3.500000E-01     1.066918E-01
   1.950000E+00     4.000000E-01     1.405252E-01
   1.950000E+00     4.500000E-01     1.794795E-01
   1.950000E+00     5.000000E-01     2.236530E-01
   1.950000E+00     5.500000E-01     2.730785E-01
   1.950000E+00     6.000000E-01     3.277092E-01
   1.950000E+00     6.500000E-01     3.874087E-01
   1.950000E+00     7.000000E-01     4.519441E-01
   1.950000E+00     7.500000E-01     5.209843E-01
   1.950000E+00     8.000000E-01     5.941006E-01
   1.950000E+00     8.500000E-01     6.707728E-01
   1.950000E+00     9.000000E-01     7.503978E-01
   1.950000E+00     9.500000E-01     8.323027E-01
   1.950000E+00     1.000000E+00     9.157591E-01
   1.950000E+00     1.050000E+00     1.000000E+00
   2.000000E+00     0.000000E+00     0.000000E+00
   2.000000E+00     5.000000E-02     2.205755E-03
   2.000000E+00     1.000000E-01     8.742924E-03
   2.000000E+00     1.500000E-01     1.957227E-02
   2.000000E+00     2.000000E-01     3.474514E-02
   2.000000E+00     2.500000E-01     5.437932E-02
   2.000000E+00     3.000000E-01     7.863255E-02
   2.000000E+00     3.500000E-01     1.076782E-01
   2.000000E+00     4.000000E-01     1.416825E-01
   2.000000E+00     4.500000E-01     1.807832E-01
   2.000000E+00     5.000000E-01     2.250708E-01
   2.000000E+00     5.500000E-01     2.745717E-01
   2.000000E+00     6.000000E-01     3.292343E-01
   2.000000E+00     6.500000E-01     3.889196E-01
   2.000000E+00     7.000000E-01     4.533938E-01
   2.000000E+00     7.500000E-01     5.223268E-01
   2.000000E+00     8.000000E-01     5.952930E-01
   2.000000E+00     8.500000E-01     6.717766E-01
   2.000000E+00     9.000000E-01     7.511807E-01
   2.000000E+00     9.500000E-01     8.328391E-01
   2.000000E+00     1.000000E+00     9.160315E-01
   2.000000E+00     1.050000E+00     1.000000E+00
   2.050000E+00     0.000000E+00     0.000000E+00
   2.050000E+00     5.000000E-02     2.205878E-03
   2.050000E+00     1.000000E-01     8.743323E-03
   2.050000E+00     1.500000E-01     1.957312E-02
   2.050000E+00     2.000000E-01     3.474670E-02
   2.050000E+00     2.500000E-01     5.438183E-02
   2.050000E+00     3.000000E-01     7.863618E-02
   2.050000E+00     3.500000E-01     1.076830E-01
   2.050000E+00     4.000000E-01     1.416884E-01
   2.050000E+00     4.500000E-01     1.807902E-01
   2.050000E+00     5.000000E-01     2.250787E-01
   2.050000E+00     5.500000E-01     2.745802E-01
   2.050000E+00     6.000000E-01     3.292432E-01
   2.050000E+00     6.500000E-01     3.889286E-01
   2.050000E+00     7.000000E-01     4.534026E-01
   2.050000E+00     7.500000E-01     5.223351E-01
   2.050000E+00     8.000000E-01     5.953004E-01
   2.050000E+00     8.500000E-01     6.717829E-01
   2.050000E+00     9.000000E-01     7.511856E-01
   2.050000E+00     9.500000E-01     8.328425E-01
   2.050000E+00     1.000000E+00     9.160333E-01
   2.050000E+00     1.050000E+00     1.000000E+00
