# X            Y            Psi
   0.000000E+00     0.000000E+00     0.000000E+00
   0.000000E+00     5.000000E-02     5.000000E-02
   0.000000E+00     1.000000E-01     1.000000E-01
   0.000000E+00     1.500000E-01     1.500000E-01
   0.000000E+00     2.000000E-01     2.000000E-01
   0.000000E+00     2.500000E-01     2.500000E-01
   0.000000E+00     3.000000E-01     3.000000E-01
   0.000000E+00     3.500000E-01     3.500000E-01
   0.000000E+00     4.000000E-01     4.000000E-01
   0.000000E+00     4.500000E-01     4.500000E-01
   0.000000E+00     5.000000E-01     5.000000E-01
   0.000000E+00     5.500000E-01     5.500000E-01
   0.000000E+00     6.000000E-01     6.000000E-01
   0.000000E+00     6.500000E-01     6.500000E-01
   0.000000E+00     7.000000E-01     7.000000E-01
   0.000000E+00     7.500000E-01     7.500000E-01
   0.000000E+00     8.000000E-01     8.000000E-01
   0.000000E+00     8.500000E-01     8.500000E-01
   0.000000E+00     9.000000E-01     9.000000E-01
   0.000000E+00     9.500000E-01     9.500000E-01
   0.000000E+00     1.000000E+00     1.000000E+00
   0.000000E+00     1.050000E+00     1.050000E+00
   5.000000E-02     0.000000E+00     0.000000E+00
   5.000000E-02     5.000000E-02     4.297405E-02
   5.000000E-02     1.000000E-01     9.465689E-02
   5.000000E-02     1.500000E-01     1.438346E-01
   5.000000E-02     2.000000E-01     1.926772E-01
   5.000000E-02     2.500000E-01     2.418325E-01
   5.000000E-02     3.000000E-01     2.912924E-01
   5.000000E-02     3.500000E-01     3.410184E-01
   5.000000E-02     4.000000E-01     3.909616E-01
   5.000000E-02     4.500000E-01     4.410590E-01
   5.000000E-02     5.000000E-01     4.912466E-01
   5.000000E-02     5.500000E-01     5.414638E-01
   5.000000E-02     6.000000E-01     5.916533E-01
   5.000000E-02     6.500000E-01     6.417571E-01
   5.000000E-02     7.000000E-01     6.917073E-01
   5.000000E-02     7.500000E-01     7.414079E-01
   5.000000E-02     8.000000E-01     7.906876E-01
   5.000000E-02     8.500000E-01     8.392370E-01
   5.000000E-02     9.000000E-01     8.866246E-01
   5.000000E-02     9.500000E-01     9.319965E-01
   5.000000E-02     1.000000E+00     9.719183E-01
   5.000000E-02     1.050000E+00     1.000000E+00
   1.000000E-01     0.000000E+00     0.000000E+00
   1.000000E-01     5.000000E-02     3.883803E-02
   1.000000E-01     1.000000E-01     8.930583E-02
   1.000000E-01     1.500000E-01     1.373294E-01
   1.000000E-01     2.000000E-01     1.850478E-01
   1.000000E-01     2.500000E-01     2.333502E-01
   1.000000E-01     3.000000E-01     2.823015E-01
   1.000000E-01     3.500000E-01     3.318137E-01
   1.000000E-01     4.000000E-01     3.817691E-01
   1.000000E-01     4.500000E-01     4.320316E-01
   1.000000E-01     5.000000E-01     4.824695E-01
   1.000000E-01     5.500000E-01     5.329624E-01
   1.000000E-01     6.000000E-01     5.834031E-01
   1.000000E-01     6.500000E-01     6.336919E-01
   1.000000E-01     7.000000E-01     6.837217E-01
   1.000000E-01     7.500000E-01     7.333591E-01
   1.000000E-01     8.000000E-01     7.824151E-01
   1.000000E-01     8.500000E-01     8.305974E-01
   1.000000E-01     9.000000E-01     8.774129E-01
   1.000000E-01     9.500000E-01     9.221183E-01
   1.000000E-01     1.000000E+00     9.635994E-01
   1.000000E-01     1.050000E+00     1.000000E+00
   1.500000E-01     0.000000E+00     0.000000E+00
   1.500000E-01     5.000000E-02     3.649490E-02
   1.500000E-01     1.000000E-01     8.412029E-02
   1.500000E-01     1.500000E-01     1.303355E-01
   1.500000E-01     2.000000E-01     1.767862E-01
   1.500000E-01     2.500000E-01     2.242386E-01
   1.500000E-01     3.000000E-01     2.727490E-01
   1.500000E-01     3.500000E-01     3.221646E-01
   1.500000E-01     4.000000E-01     3.722686E-01
   1.500000E-01     4.500000E-01     4.228308E-01
   1.500000E-01     5.000000E-01     4.736396E-01
   1.500000E-01     5.500000E-01     5.245141E-01
   1.500000E-01     6.000000E-01     5.753050E-01
   1.500000E-01     6.500000E-01     6.258827E-01
   1.500000E-01     7.000000E-01     6.761219E-01
   1.500000E-01     7.500000E-01     7.258817E-01
   1.500000E-01     8.000000E-01     7.749861E-01
   1.500000E-01     8.500000E-01     8.231948E-01
   1.500000E-01     9.000000E-01     8.701390E-01
   1.500000E-01     9.500000E-01     9.154075E-01
   1.500000E-01     1.000000E+00     9.588875E-01
   1.500000E-01     1.050000E+00     1.000000E+00
   2.000000E-01     0.000000E+00     0.000000E+00
   2.000000E-01     5.000000E-02     3.385558E-02
   2.000000E-01     1.000000E-01     7.847609E-02
   2.000000E-01     1.500000E-01     1.224959E-01
   2.000000E-01     2.000000E-01     1.674559E-01
   2.000000E-01     2.500000E-01     2.140632E-01
   2.000000E-01     3.000000E-01     2.622856E-01
   2.000000E-01     3.500000E-01     3.118262E-01
   2.000000E-01     4.000000E-01     3.623135E-01
   2.000000E-01     4.500000E-01     4.133888E-01
   2.000000E-01     5.000000E-01     4.647479E-01
   2.000000E-01     5.500000E-01     5.161523E-01
   2.000000E-01     6.000000E-01     5.674211E-01
   2.000000E-01     6.500000E-01     6.184106E-01
   2.000000E-01     7.000000E-01     6.689956E-01
   2.000000E-01     7.500000E-01     7.190494E-01
   2.000000E-01     8.000000E-01     7.684312E-01
   2.000000E-01     8.500000E-01     8.169739E-01
   2.000000E-01     9.000000E-01     8.644777E-01
   2.000000E-01     9.500000E-01     9.108022E-01
   2.000000E-01     1.000000E+00     9.560164E-01
   2.000000E-01     1.050000E+00     1.000000E+00
   2.500000E-01     0.000000E+00     0.000000E+00
   2.500000E-01     5.000000E-02     3.083876E-02
   2.500000E-01     1.000000E-01     7.185307E-02
   2.500000E-01     1.500000E-01     1.131714E-01
   2.500000E-01     2.000000E-01     1.563888E-01
   2.500000E-01     2.500000E-01     2.022602E-01
   2.500000E-01     3.000000E-01     2.504970E-01
   2.500000E-01     3.500000E-01     3.005440E-01
   2.500000E-01     4.000000E-01     3.517809E-01
   2.500000E-01     4.500000E-01     4.036726E-01
   2.500000E-01     5.000000E-01     4.558174E-01
   2.500000E-01     5.500000E-01     5.079310E-01
   2.500000E-01     6.000000E-01     5.598190E-01
   2.500000E-01     6.500000E-01     6.113439E-01
   2.500000E-01     7.000000E-01     6.623979E-01
   2.500000E-01     7.500000E-01     7.128847E-01
   2.500000E-01     8.000000E-01     7.627103E-01
   2.500000E-01     8.500000E-01     8.117808E-01
   2.500000E-01     9.000000E-01     8.600164E-01
   2.500000E-01     9.500000E-01     9.074022E-01
   2.500000E-01     1.000000E+00     9.540352E-01
   2.500000E-01     1.050000E+00     1.000000E+00
   3.000000E-01     0.000000E+00     0.000000E+00
   3.000000E-01     5.000000E-02     2.692368E-02
   3.000000E-01     1.000000E-01     6.346416E-02
   3.000000E-01     1.500000E-01     1.014301E-01
   3.000000E-01     2.000000E-01     1.426117E-01
   3.000000E-01     2.500000E-01     1.880768E-01
   3.000000E-01     3.000000E-01     2.368940E-01
   3.000000E-01     3.500000E-01     2.880838E-01
   3.000000E-01     4.000000E-01     3.406099E-01
   3.000000E-01     4.500000E-01     3.937193E-01
   3.000000E-01     5.000000E-01     4.469283E-01
   3.000000E-01     5.500000E-01     4.999408E-01
   3.000000E-01     6.000000E-01     5.525839E-01
   3.000000E-01     6.500000E-01     6.047500E-01
   3.000000E-01     7.000000E-01     6.563672E-01
   3.000000E-01     7.500000E-01     7.073807E-01
   3.000000E-01     8.000000E-01     7.577454E-01
   3.000000E-01     8.500000E-01     8.074285E-01
   3.000000E-01     9.000000E-01     8.564215E-01
   3.000000E-01     9.500000E-01     9.047674E-01
   3.000000E-01     1.000000E+00     9.525794E-01
   3.000000E-01     1.050000E+00     1.000000E+00
   3.500000E-01     0.000000E+00     0.000000E+00
   3.500000E-01     5.000000E-02     2.193666E-02
   3.500000E-01     1.000000E-01     5.239329E-02
   3.500000E-01     1.500000E-01     8.583231E-02
   3.500000E-01     2.000000E-01     1.248286E-01
   3.500000E-01     2.500000E-01     1.703884E-01
   3.500000E-01     3.000000E-01     2.209054E-01
   3.500000E-01     3.500000E-01     2.743172E-01
   3.500000E-01     4.000000E-01     3.288891E-01
   3.500000E-01     4.500000E-01     3.836958E-01
   3.500000E-01     5.000000E-01     4.382510E-01
   3.500000E-01     5.500000E-01     4.923280E-01
   3.500000E-01     6.000000E-01     5.458299E-01
   3.500000E-01     6.500000E-01     5.987077E-01
   3.500000E-01     7.000000E-01     6.509417E-01
   3.500000E-01     7.500000E-01     7.025263E-01
   3.500000E-01     8.000000E-01     7.534645E-01
   3.500000E-01     8.500000E-01     8.037719E-01
   3.500000E-01     9.000000E-01     8.534851E-01
   3.500000E-01     9.500000E-01     9.026770E-01
   3.500000E-01     1.000000E+00     9.514661E-01
   3.500000E-01     1.050000E+00     1.000000E+00
   4.000000E-01     0.000000E+00     0.000000E+00
   4.000000E-01     5.000000E-02     1.543939E-02
   4.000000E-01     1.000000E-01     3.741912E-02
   4.000000E-01     1.500000E-01     6.400626E-02
   4.000000E-01     2.000000E-01     1.000753E-01
   4.000000E-01     2.500000E-01     1.472340E-01
   4.000000E-01     3.000000E-01     2.020773E-01
   4.000000E-01     3.500000E-01     2.594652E-01
   4.000000E-01     4.000000E-01     3.170081E-01
   4.000000E-01     4.500000E-01     3.739462E-01
   4.000000E-01     5.000000E-01     4.300531E-01
   4.000000E-01     5.500000E-01     4.852975E-01
   4.000000E-01     6.000000E-01     5.397037E-01
   4.000000E-01     6.500000E-01     5.933113E-01
   4.000000E-01     7.000000E-01     6.461672E-01
   4.000000E-01     7.500000E-01     6.983195E-01
   4.000000E-01     8.000000E-01     7.498168E-01
   4.000000E-01     8.500000E-01     8.007133E-01
   4.000000E-01     9.000000E-01     8.510768E-01
   4.000000E-01     9.500000E-01     9.009968E-01
   4.000000E-01     1.000000E+00     9.505913E-01
   4.000000E-01     1.050000E+00     1.000000E+00
   4.500000E-01     0.000000E+00     0.000000E+00
   4.500000E-01     5.000000E-02     7.247660E-03
   4.500000E-01     1.000000E-01     1.866910E-02
   4.500000E-01     1.500000E-01     3.414212E-02
   4.500000E-01     2.000000E-01     5.964722E-02
   4.500000E-01     2.500000E-01     1.167512E-01
   4.500000E-01     3.000000E-01     1.813905E-01
   4.500000E-01     3.500000E-01     2.446844E-01
   4.500000E-01     4.000000E-01     3.057758E-01
   4.500000E-01     4.500000E-01     3.650096E-01
   4.500000E-01     5.000000E-01     4.227113E-01
   4.500000E-01     5.500000E-01     4.791082E-01
   4.500000E-01     6.000000E-01     5.343776E-01
   4.500000E-01     6.500000E-01     5.886669E-01
   4.500000E-01     7.000000E-01     6.420967E-01
   4.500000E-01     7.500000E-01     6.947682E-01
   4.500000E-01     8.000000E-01     7.467710E-01
   4.500000E-01     8.500000E-01     7.981901E-01
   4.500000E-01     9.000000E-01     8.491150E-01
   4.500000E-01     9.500000E-01     8.996454E-01
   4.500000E-01     1.000000E+00     9.498972E-01
   4.500000E-01     1.050000E+00     1.000000E+00
   5.000000E-01     0.000000E+00     0.000000E+00
   5.000000E-01     5.000000E-02     0.000000E+00
   5.000000E-01     1.000000E-01     0.000000E+00
   5.000000E-01     1.500000E-01     0.000000E+00
   5.000000E-01     2.000000E-01     0.000000E+00
   5.000000E-01     2.500000E-01     8.470393E-02
   5.000000E-01     3.000000E-01     1.634143E-01
   5.000000E-01     3.500000E-01     2.322505E-01
   5.000000E-01     4.000000E-01     2.963633E-01
   5.000000E-01     4.500000E-01     3.575965E-01
   5.000000E-01     5.000000E-01     4.166740E-01
   5.000000E-01     5.500000E-01     4.740420E-01
   5.000000E-01     6.000000E-01     5.300280E-01
   5.000000E-01     6.500000E-01     5.848794E-01
   5.000000E-01     7.000000E-01     6.387828E-01
   5.000000E-01     7.500000E-01     6.918854E-01
   5.000000E-01     8.000000E-01     7.443093E-01
   5.000000E-01     8.500000E-01     7.961624E-01
   5.000000E-01     9.000000E-01     8.475486E-01
   5.000000E-01     9.500000E-01     8.985738E-01
   5.000000E-01     1.000000E+00     9.493509E-01
   5.000000E-01     1.050000E+00     1.000000E+00
   5.500000E-01     2.000000E-01     0.000000E+00
   5.500000E-01     2.500000E-01     7.426156E-02
   5.500000E-01     3.000000E-01     1.517740E-01
   5.500000E-01     3.500000E-01     2.234122E-01
   5.500000E-01     4.000000E-01     2.897364E-01
   5.500000E-01     4.500000E-01     3.523584E-01
   5.500000E-01     5.000000E-01     4.123426E-01
   5.500000E-01     5.500000E-01     4.703463E-01
   5.500000E-01     6.000000E-01     5.268051E-01
   5.500000E-01     6.500000E-01     5.820347E-01
   5.500000E-01     7.000000E-01     6.362669E-01
   5.500000E-01     7.500000E-01     6.896803E-01
   5.500000E-01     8.000000E-01     7.424180E-01
   5.500000E-01     8.500000E-01     7.946018E-01
   5.500000E-01     9.000000E-01     8.463433E-01
   5.500000E-01     9.500000E-01     8.977506E-01
   5.500000E-01     1.000000E+00     9.489325E-01
   5.500000E-01     1.050000E+00     1.000000E+00
   6.000000E-01     2.000000E-01     0.000000E+00
   6.000000E-01     2.500000E-01     7.197449E-02
   6.000000E-01     3.000000E-01     1.479426E-01
   6.000000E-01     3.500000E-01     2.198299E-01
   6.000000E-01     4.000000E-01     2.866987E-01
   6.000000E-01     4.500000E-01     3.497272E-01
   6.000000E-01     5.000000E-01     4.099830E-01
   6.000000E-01     5.500000E-01     4.681819E-01
   6.000000E-01     6.000000E-01     5.248012E-01
   6.000000E-01     6.500000E-01     5.801804E-01
   6.000000E-01     7.000000E-01     6.345667E-01
   6.000000E-01     7.500000E-01     6.881495E-01
   6.000000E-01     8.000000E-01     7.410796E-01
   6.000000E-01     8.500000E-01     7.934830E-01
   6.000000E-01     9.000000E-01     8.454723E-01
   6.000000E-01     9.500000E-01     8.971530E-01
   6.000000E-01     1.000000E+00     9.486283E-01
   6.000000E-01     1.050000E+00     1.000000E+00
   6.500000E-01     2.000000E-01     0.000000E+00
   6.500000E-01     2.500000E-01     7.360353E-02
   6.500000E-01     3.000000E-01     1.503399E-01
   6.500000E-01     3.500000E-01     2.214627E-01
   6.500000E-01     4.000000E-01     2.874327E-01
   6.500000E-01     4.500000E-01     3.498208E-01
   6.500000E-01     5.000000E-01     4.096567E-01
   6.500000E-01     5.500000E-01     4.675815E-01
   6.500000E-01     6.000000E-01     5.240282E-01
   6.500000E-01     6.500000E-01     5.793119E-01
   6.500000E-01     7.000000E-01     6.336656E-01
   6.500000E-01     7.500000E-01     6.872691E-01
   6.500000E-01     8.000000E-01     7.402664E-01
   6.500000E-01     8.500000E-01     7.927776E-01
   6.500000E-01     9.000000E-01     8.449096E-01
   6.500000E-01     9.500000E-01     8.967611E-01
   6.500000E-01     1.000000E+00     9.484271E-01
   6.500000E-01     1.050000E+00     1.000000E+00
   7.000000E-01     0.000000E+00     0.000000E+00
   7.000000E-01     5.000000E-02     0.000000E+00
   7.000000E-01     1.000000E-01     0.000000E+00
   7.000000E-01     1.500000E-01     0.000000E+00
   7.000000E-01     2.000000E-01     0.000000E+00
   7.000000E-01     2.500000E-01     8.291798E-02
   7.000000E-01     3.000000E-01     1.602120E-01
   7.000000E-01     3.500000E-01     2.282053E-01
   7.000000E-01     4.000000E-01     2.916531E-01
   7.000000E-01     4.500000E-01     3.524396E-01
   7.000000E-01     5.000000E-01     4.112335E-01
   7.000000E-01     5.500000E-01     4.684465E-01
   7.000000E-01     6.000000E-01     5.244083E-01
   7.000000E-01     6.500000E-01     5.793664E-01
   7.000000E-01     7.000000E-01     6.335108E-01
   7.000000E-01     7.500000E-01     6.869933E-01
   7.000000E-01     8.000000E-01     7.399379E-01
   7.000000E-01     8.500000E-01     7.924508E-01
   7.000000E-01     9.000000E-01     8.446270E-01
   7.000000E-01     9.500000E-01     8.965547E-01
   7.000000E-01     1.000000E+00     9.483184E-01
   7.000000E-01     1.050000E+00     1.000000E+00
   7.500000E-01     0.000000E+00     0.000000E+00
   7.500000E-01     5.000000E-02     6.707129E-03
   7.500000E-01     1.000000E-01     1.732449E-02
   7.500000E-01     1.500000E-01     3.214992E-02
   7.500000E-01     2.000000E-01     5.700847E-02
   7.500000E-01     2.500000E-01     1.131331E-01
   7.500000E-01     3.000000E-01     1.761358E-01
   7.500000E-01     3.500000E-01     2.383044E-01
   7.500000E-01     4.000000E-01     2.985080E-01
   7.500000E-01     4.500000E-01     3.571067E-01
   7.500000E-01     5.000000E-01     4.143872E-01
   7.500000E-01     5.500000E-01     4.705544E-01
   7.500000E-01     6.000000E-01     5.257853E-01
   7.500000E-01     6.500000E-01     5.802296E-01
   7.500000E-01     7.000000E-01     6.340160E-01
   7.500000E-01     7.500000E-01     6.872543E-01
   7.500000E-01     8.000000E-01     7.400403E-01
   7.500000E-01     8.500000E-01     7.924601E-01
   7.500000E-01     9.000000E-01     8.445925E-01
   7.500000E-01     9.500000E-01     8.965122E-01
   7.500000E-01     1.000000E+00     9.482913E-01
   7.500000E-01     1.050000E+00     1.000000E+00
   8.000000E-01     0.000000E+00     0.000000E+00
   8.000000E-01     5.000000E-02     1.444523E-02
   8.000000E-01     1.000000E-01     3.503967E-02
   8.000000E-01     1.500000E-01     6.051058E-02
   8.000000E-01     2.000000E-01     9.512669E-02
   8.000000E-01     2.500000E-01     1.406892E-01
   8.000000E-01     3.000000E-01     1.942041E-01
   8.000000E-01     3.500000E-01     2.504004E-01
   8.000000E-01     4.000000E-01     3.069275E-01
   8.000000E-01     4.500000E-01     3.630861E-01
   8.000000E-01     5.000000E-01     4.186535E-01
   8.000000E-01     5.500000E-01     4.735979E-01
   8.000000E-01     6.000000E-01     5.279467E-01
   8.000000E-01     6.500000E-01     5.817496E-01
   8.000000E-01     7.000000E-01     6.350681E-01
   8.000000E-01     7.500000E-01     6.879665E-01
   8.000000E-01     8.000000E-01     7.405085E-01
   8.000000E-01     8.500000E-01     7.927564E-01
   8.000000E-01     9.000000E-01     8.447706E-01
   8.000000E-01     9.500000E-01     8.966103E-01
   8.000000E-01     1.000000E+00     9.483342E-01
   8.000000E-01     1.050000E+00     1.000000E+00
   8.500000E-01     0.000000E+00     0.000000E+00
   8.500000E-01     5.000000E-02     2.059118E-02
   8.500000E-01     1.000000E-01     4.895158E-02
   8.500000E-01     1.500000E-01     8.052677E-02
   8.500000E-01     2.000000E-01     1.179690E-01
   8.500000E-01     2.500000E-01     1.613704E-01
   8.500000E-01     3.000000E-01     2.103091E-01
   8.500000E-01     3.500000E-01     2.623469E-01
   8.500000E-01     4.000000E-01     3.157599E-01
   8.500000E-01     4.500000E-01     3.696417E-01
   8.500000E-01     5.000000E-01     4.235391E-01
   8.500000E-01     5.500000E-01     4.772410E-01
   8.500000E-01     6.000000E-01     5.306564E-01
   8.500000E-01     6.500000E-01     5.837550E-01
   8.500000E-01     7.000000E-01     6.365405E-01
   8.500000E-01     7.500000E-01     6.890349E-01
   8.500000E-01     8.000000E-01     7.412708E-01
   8.500000E-01     8.500000E-01     7.932864E-01
   8.500000E-01     9.000000E-01     8.451232E-01
   8.500000E-01     9.500000E-01     8.968245E-01
   8.500000E-01     1.000000E+00     9.484350E-01
   8.500000E-01     1.050000E+00     1.000000E+00
   9.000000E-01     0.000000E+00     0.000000E+00
   9.000000E-01     5.000000E-02     2.496835E-02
   9.000000E-01     1.000000E-01     5.880794E-02
   9.000000E-01     1.500000E-01     9.434393E-02
   9.000000E-01     2.000000E-01     1.334248E-01
   9.000000E-01     2.500000E-01     1.765792E-01
   9.000000E-01     3.000000E-01     2.234632E-01
   9.000000E-01     3.500000E-01     2.730121E-01
   9.000000E-01     4.000000E-01     3.241736E-01
   9.000000E-01     4.500000E-01     3.762046E-01
   9.000000E-01     5.000000E-01     4.286317E-01
   9.000000E-01     5.500000E-01     4.811773E-01
   9.000000E-01     6.000000E-01     5.336865E-01
   9.000000E-01     6.500000E-01     5.860757E-01
   9.000000E-01     7.000000E-01     6.383052E-01
   9.000000E-01     7.500000E-01     6.903628E-01
   9.000000E-01     8.000000E-01     7.422539E-01
   9.000000E-01     8.500000E-01     7.939956E-01
   9.000000E-01     9.000000E-01     8.456114E-01
   9.000000E-01     9.500000E-01     8.971298E-01
   9.000000E-01     1.000000E+00     9.485815E-01
   9.000000E-01     1.050000E+00     1.000000E+00
   9.500000E-01     0.000000E+00     0.000000E+00
   9.500000E-01     5.000000E-02     2.808183E-02
   9.500000E-01     1.000000E-01     6.572199E-02
   9.500000E-01     1.500000E-01     1.040799E-01
   9.500000E-01     2.000000E-01     1.446093E-01
   9.500000E-01     2.500000E-01     1.879645E-01
   9.500000E-01     3.000000E-01     2.339689E-01
   9.500000E-01     3.500000E-01     2.821058E-01
   9.500000E-01     4.000000E-01     3.317572E-01
   9.500000E-01     4.500000E-01     3.823909E-01
   9.500000E-01     5.000000E-01     4.336148E-01
   9.500000E-01     5.500000E-01     4.851573E-01
   9.500000E-01     6.000000E-01     5.368423E-01
   9.500000E-01     6.500000E-01     5.885598E-01
   9.500000E-01     7.000000E-01     6.402436E-01
   9.500000E-01     7.500000E-01     6.918578E-01
   9.500000E-01     8.000000E-01     7.433873E-01
   9.500000E-01     8.500000E-01     7.948312E-01
   9.500000E-01     9.000000E-01     8.461978E-01
   9.500000E-01     9.500000E-01     8.975018E-01
   9.500000E-01     1.000000E+00     9.487619E-01
   9.500000E-01     1.050000E+00     1.000000E+00
   1.000000E+00     0.000000E+00     0.000000E+00
   1.000000E+00     5.000000E-02     3.036812E-02
   1.000000E+00     1.000000E-01     7.075803E-02
   1.000000E+00     1.500000E-01     1.111689E-01
   1.000000E+00     2.000000E-01     1.529222E-01
   1.000000E+00     2.500000E-01     1.966516E-01
   1.000000E+00     3.000000E-01     2.423358E-01
   1.000000E+00     3.500000E-01     2.896970E-01
   1.000000E+00     4.000000E-01     3.383711E-01
   1.000000E+00     4.500000E-01     3.880012E-01
   1.000000E+00     5.000000E-01     4.382884E-01
   1.000000E+00     5.500000E-01     4.890011E-01
   1.000000E+00     6.000000E-01     5.399709E-01
   1.000000E+00     6.500000E-01     5.910811E-01
   1.000000E+00     7.000000E-01     6.422537E-01
   1.000000E+00     7.500000E-01     6.934389E-01
   1.000000E+00     8.000000E-01     7.446074E-01
   1.000000E+00     8.500000E-01     7.957449E-01
   1.000000E+00     9.000000E-01     8.468474E-01
   1.000000E+00     9.500000E-01     8.979180E-01
   1.000000E+00     1.000000E+00     9.489650E-01
   1.000000E+00     1.050000E+00     1.000000E+00
   1.050000E+00     0.000000E+00     0.000000E+00
   1.050000E+00     5.000000E-02     3.208454E-02
   1.050000E+00     1.000000E-01     7.450845E-02
   1.050000E+00     1.500000E-01     1.164566E-01
   1.050000E+00     2.000000E-01     1.592081E-01
   1.050000E+00     2.500000E-01     2.033782E-01
   1.050000E+00     3.000000E-01     2.490116E-01
   1.050000E+00     3.500000E-01     2.959669E-01
   1.050000E+00     4.000000E-01     3.440288E-01
   1.050000E+00     4.500000E-01     3.929598E-01
   1.050000E+00     5.000000E-01     4.425430E-01
   1.050000E+00     5.500000E-01     4.925930E-01
   1.050000E+00     6.000000E-01     5.429631E-01
   1.050000E+00     6.500000E-01     5.935432E-01
   1.050000E+00     7.000000E-01     6.442537E-01
   1.050000E+00     7.500000E-01     6.950384E-01
   1.050000E+00     8.000000E-01     7.458598E-01
   1.050000E+00     8.500000E-01     7.966945E-01
   1.050000E+00     9.000000E-01     8.475293E-01
   1.050000E+00     9.500000E-01     8.983583E-01
   1.050000E+00     1.000000E+00     9.491808E-01
   1.050000E+00     1.050000E+00     1.000000E+00
   1.100000E+00     0.000000E+00     0.000000E+00
   1.100000E+00     5.000000E-02     3.339371E-02
   1.100000E+00     1.000000E-01     7.731898E-02
   1.100000E+00     1.500000E-01     1.204544E-01
   1.100000E+00     2.000000E-01     1.640257E-01
   1.100000E+00     2.500000E-01     2.086341E-01
   1.100000E+00     3.000000E-01     2.543567E-01
   1.100000E+00     3.500000E-01     3.011262E-01
   1.100000E+00     4.000000E-01     3.488157E-01
   1.100000E+00     4.500000E-01     3.972708E-01
   1.100000E+00     5.000000E-01     4.463359E-01
   1.100000E+00     5.500000E-01     4.958687E-01
   1.100000E+00     6.000000E-01     5.457484E-01
   1.100000E+00     6.500000E-01     5.958776E-01
   1.100000E+00     7.000000E-01     6.461812E-01
   1.100000E+00     7.500000E-01     6.966024E-01
   1.100000E+00     8.000000E-01     7.470999E-01
   1.100000E+00     8.500000E-01     7.976448E-01
   1.100000E+00     9.000000E-01     8.482176E-01
   1.100000E+00     9.500000E-01     8.988055E-01
   1.100000E+00     1.000000E+00     9.494009E-01
   1.100000E+00     1.050000E+00     1.000000E+00
   1.150000E+00     0.000000E+00     0.000000E+00
   1.150000E+00     5.000000E-02     3.436527E-02
   1.150000E+00     1.000000E-01     7.944356E-02
   1.150000E+00     1.500000E-01     1.235090E-01
   1.150000E+00     2.000000E-01     1.677549E-01
   1.150000E+00     2.500000E-01     2.127715E-01
   1.150000E+00     3.000000E-01     2.586496E-01
   1.150000E+00     3.500000E-01     3.053621E-01
   1.150000E+00     4.000000E-01     3.528365E-01
   1.150000E+00     4.500000E-01     4.009735E-01
   1.150000E+00     5.000000E-01     4.496637E-01
   1.150000E+00     5.500000E-01     4.988001E-01
   1.150000E+00     6.000000E-01     5.482863E-01
   1.150000E+00     6.500000E-01     5.980396E-01
   1.150000E+00     7.000000E-01     6.479926E-01
   1.150000E+00     7.500000E-01     6.980911E-01
   1.150000E+00     8.000000E-01     7.482935E-01
   1.150000E+00     8.500000E-01     7.985681E-01
   1.150000E+00     9.000000E-01     8.488912E-01
   1.150000E+00     9.500000E-01     8.992455E-01
   1.150000E+00     1.000000E+00     9.496182E-01
   1.150000E+00     1.050000E+00     1.000000E+00
   1.200000E+00     0.000000E+00     0.000000E+00
   1.200000E+00     5.000000E-02     3.508631E-02
   1.200000E+00     1.000000E-01     8.106099E-02
   1.200000E+00     1.500000E-01     1.258637E-01
   1.200000E+00     2.000000E-01     1.706651E-01
   1.200000E+00     2.500000E-01     2.160467E-01
   1.200000E+00     3.000000E-01     2.621041E-01
   1.200000E+00     3.500000E-01     3.088328E-01
   1.200000E+00     4.000000E-01     3.561935E-01
   1.200000E+00     4.500000E-01     4.041233E-01
   1.200000E+00     5.000000E-01     4.525462E-01
   1.200000E+00     5.500000E-01     5.013831E-01
   1.200000E+00     6.000000E-01     5.505583E-01
   1.200000E+00     6.500000E-01     6.000034E-01
   1.200000E+00     7.000000E-01     6.496595E-01
   1.200000E+00     7.500000E-01     6.994770E-01
   1.200000E+00     8.000000E-01     7.494157E-01
   1.200000E+00     8.500000E-01     7.994433E-01
   1.200000E+00     9.000000E-01     8.495339E-01
   1.200000E+00     9.500000E-01     8.996673E-01
   1.200000E+00     1.000000E+00     9.498271E-01
   1.200000E+00     1.050000E+00     1.000000E+00
   1.250000E+00     0.000000E+00     0.000000E+00
   1.250000E+00     5.000000E-02     3.562484E-02
   1.250000E+00     1.000000E-01     8.230118E-02
   1.250000E+00     1.500000E-01     1.276919E-01
   1.250000E+00     2.000000E-01     1.729488E-01
   1.250000E+00     2.500000E-01     2.186476E-01
   1.250000E+00     3.000000E-01     2.648849E-01
   1.250000E+00     3.500000E-01     3.116685E-01
   1.250000E+00     4.000000E-01     3.589794E-01
   1.250000E+00     4.500000E-01     4.067788E-01
   1.250000E+00     5.000000E-01     4.550144E-01
   1.250000E+00     5.500000E-01     5.036282E-01
   1.250000E+00     6.000000E-01     5.525609E-01
   1.250000E+00     6.500000E-01     6.017569E-01
   1.250000E+00     7.000000E-01     6.511655E-01
   1.250000E+00     7.500000E-01     7.007423E-01
   1.250000E+00     8.000000E-01     7.504496E-01
   1.250000E+00     8.500000E-01     8.002557E-01
   1.250000E+00     9.000000E-01     8.501341E-01
   1.250000E+00     9.500000E-01     9.000630E-01
   1.250000E+00     1.000000E+00     9.500236E-01
   1.250000E+00     1.050000E+00     1.000000E+00
   1.300000E+00     0.000000E+00     0.000000E+00
   1.300000E+00     5.000000E-02     3.605202E-02
   1.300000E+00     1.000000E-01     8.326693E-02
   1.300000E+00     1.500000E-01     1.291206E-01
   1.300000E+00     2.000000E-01     1.747456E-01
   1.300000E+00     2.500000E-01     2.207130E-01
   1.300000E+00     3.000000E-01     2.671180E-01
   1.300000E+00     3.500000E-01     3.139742E-01
   1.300000E+00     4.000000E-01     3.612746E-01
   1.300000E+00     4.500000E-01     4.089963E-01
   1.300000E+00     5.000000E-01     4.571036E-01
   1.300000E+00     5.500000E-01     5.055535E-01
   1.300000E+00     6.000000E-01     5.543002E-01
   1.300000E+00     6.500000E-01     6.032978E-01
   1.300000E+00     7.000000E-01     6.525032E-01
   1.300000E+00     7.500000E-01     7.018771E-01
   1.300000E+00     8.000000E-01     7.513848E-01
   1.300000E+00     8.500000E-01     8.009958E-01
   1.300000E+00     9.000000E-01     8.506840E-01
   1.300000E+00     9.500000E-01     9.004270E-01
   1.300000E+00     1.000000E+00     9.502048E-01
   1.300000E+00     1.050000E+00     1.000000E+00
   1.350000E+00     0.000000E+00     0.000000E+00
   1.350000E+00     5.000000E-02     3.638548E-02
   1.350000E+00     1.000000E-01     8.401793E-02
   1.350000E+00     1.500000E-01     1.302372E-01
   1.350000E+00     2.000000E-01     1.761551E-01
   1.350000E+00     2.500000E-01     2.223452E-01
   1.350000E+00     3.000000E-01     2.688993E-01
   1.350000E+00     3.500000E-01     3.158330E-01
   1.350000E+00     4.000000E-01     3.631462E-01
   1.350000E+00     4.500000E-01     4.108262E-01
   1.350000E+00     5.000000E-01     4.588485E-01
   1.350000E+00     5.500000E-01     5.071811E-01
   1.350000E+00     6.000000E-01     5.557877E-01
   1.350000E+00     6.500000E-01     6.046304E-01
   1.350000E+00     7.000000E-01     6.536721E-01
   1.350000E+00     7.500000E-01     7.028781E-01
   1.350000E+00     8.000000E-01     7.522164E-01
   1.350000E+00     8.500000E-01     8.016585E-01
   1.350000E+00     9.000000E-01     8.511792E-01
   1.350000E+00     9.500000E-01     9.007560E-01
   1.350000E+00     1.000000E+00     9.503690E-01
   1.350000E+00     1.050000E+00     1.000000E+00
   1.400000E+00     0.000000E+00     0.000000E+00
   1.400000E+00     5.000000E-02     3.665422E-02
   1.400000E+00     1.000000E-01     8.460545E-02
   1.400000E+00     1.500000E-01     1.310939E-01
   1.400000E+00     2.000000E-01     1.772452E-01
   1.400000E+00     2.500000E-01     2.236182E-01
   1.400000E+00     3.000000E-01     2.703008E-01
   1.400000E+00     3.500000E-01     3.173095E-01
   1.400000E+00     4.000000E-01     3.646487E-01
   1.400000E+00     4.500000E-01     4.123117E-01
   1.400000E+00     5.000000E-01     4.602815E-01
   1.400000E+00     5.500000E-01     5.085335E-01
   1.400000E+00     6.000000E-01     5.570380E-01
   1.400000E+00     6.500000E-01     6.057630E-01
   1.400000E+00     7.000000E-01     6.546762E-01
   1.400000E+00     7.500000E-01     7.037462E-01
   1.400000E+00     8.000000E-01     7.529439E-01
   1.400000E+00     8.500000E-01     8.022425E-01
   1.400000E+00     9.000000E-01     8.516180E-01
   1.400000E+00     9.500000E-01     9.010489E-01
   1.400000E+00     1.000000E+00     9.505155E-01
   1.400000E+00     1.050000E+00     1.000000E+00
   1.450000E+00     0.000000E+00     0.000000E+00
   1.450000E+00     5.000000E-02     3.684965E-02
   1.450000E+00     1.000000E-01     8.504193E-02
   1.450000E+00     1.500000E-01     1.317384E-01
   1.450000E+00     2.000000E-01     1.780689E-01
   1.450000E+00     2.500000E-01     2.245864E-01
   1.450000E+00     3.000000E-01     2.713757E-01
   1.450000E+00     3.500000E-01     3.184529E-01
   1.450000E+00     4.000000E-01     3.658248E-01
   1.450000E+00     4.500000E-01     4.134881E-01
   1.450000E+00     5.000000E-01     4.614305E-01
   1.450000E+00     5.500000E-01     5.096317E-01
   1.450000E+00     6.000000E-01     5.580664E-01
   1.450000E+00     6.500000E-01     6.067065E-01
   1.450000E+00     7.000000E-01     6.555226E-01
   1.450000E+00     7.500000E-01     7.044861E-01
   1.450000E+00     8.000000E-01     7.535699E-01
   1.450000E+00     8.500000E-01     8.027491E-01
   1.450000E+00     9.000000E-01     8.520012E-01
   1.450000E+00     9.500000E-01     9.013058E-01
   1.450000E+00     1.000000E+00     9.506445E-01
   1.450000E+00     1.050000E+00     1.000000E+00
   1.500000E+00     0.000000E+00     0.000000E+00
   1.500000E+00     5.000000E-02     3.697940E-02
   1.500000E+00     1.000000E-01     8.534717E-02
   1.500000E+00     1.500000E-01     1.321983E-01
   1.500000E+00     2.000000E-01     1.786612E-01
   1.500000E+00     2.500000E-01     2.252881E-01
   1.500000E+00     3.000000E-01     2.721621E-01
   1.500000E+00     3.500000E-01     3.192992E-01
   1.500000E+00     4.000000E-01     3.667066E-01
   1.500000E+00     4.500000E-01     4.143832E-01
   1.500000E+00     5.000000E-01     4.623185E-01
   1.500000E+00     5.500000E-01     5.104945E-01
   1.500000E+00     6.000000E-01     5.588880E-01
   1.500000E+00     6.500000E-01     6.074726E-01
   1.500000E+00     7.000000E-01     6.562207E-01
   1.500000E+00     7.500000E-01     7.051049E-01
   1.500000E+00     8.000000E-01     7.540999E-01
   1.500000E+00     8.500000E-01     8.031824E-01
   1.500000E+00     9.000000E-01     8.523315E-01
   1.500000E+00     9.500000E-01     9.015285E-01
   1.500000E+00     1.000000E+00     9.507566E-01
   1.500000E+00     1.050000E+00     1.000000E+00
   1.550000E+00     0.000000E+00     0.000000E+00
   1.550000E+00     5.000000E-02     3.705907E-02
   1.550000E+00     1.000000E-01     8.553864E-02
   1.550000E+00     1.500000E-01     1.324934E-01
   1.550000E+00     2.000000E-01     1.790449E-01
   1.550000E+00     2.500000E-01     2.257478E-01
   1.550000E+00     3.000000E-01     2.726851E-01
   1.550000E+00     3.500000E-01     3.198722E-01
   1.550000E+00     4.000000E-01     3.673164E-01
   1.550000E+00     4.500000E-01     4.150168E-01
   1.550000E+00     5.000000E-01     4.629632E-01
   1.550000E+00     5.500000E-01     5.111377E-01
   1.550000E+00     6.000000E-01     5.595168E-01
   1.550000E+00     6.500000E-01     6.080739E-01
   1.550000E+00     7.000000E-01     6.567813E-01
   1.550000E+00     7.500000E-01     7.056121E-01
   1.550000E+00     8.000000E-01     7.545418E-01
   1.550000E+00     8.500000E-01     8.035485E-01
   1.550000E+00     9.000000E-01     8.526134E-01
   1.550000E+00     9.500000E-01     9.017200E-01
   1.550000E+00     1.000000E+00     9.508535E-01
   1.550000E+00     1.050000E+00     1.000000E+00
   1.600000E+00     0.000000E+00     0.000000E+00
   1.600000E+00     5.000000E-02     3.709198E-02
   1.600000E+00     1.000000E-01     8.562417E-02
   1.600000E+00     1.500000E-01     1.326354E-01
   1.600000E+00     2.000000E-01     1.792320E-01
   1.600000E+00     2.500000E-01     2.259784E-01
   1.600000E+00     3.000000E-01     2.729578E-01
   1.600000E+00     3.500000E-01     3.201850E-01
   1.600000E+00     4.000000E-01     3.676669E-01
   1.600000E+00     4.500000E-01     4.154016E-01
   1.600000E+00     5.000000E-01     4.633773E-01
   1.600000E+00     5.500000E-01     5.115740E-01
   1.600000E+00     6.000000E-01     5.599657E-01
   1.600000E+00     6.500000E-01     6.085235E-01
   1.600000E+00     7.000000E-01     6.572174E-01
   1.600000E+00     7.500000E-01     7.060196E-01
   1.600000E+00     8.000000E-01     7.549059E-01
   1.600000E+00     8.500000E-01     8.038560E-01
   1.600000E+00     9.000000E-01     8.528533E-01
   1.600000E+00     9.500000E-01     9.018844E-01
   1.600000E+00     1.000000E+00     9.509372E-01
   1.600000E+00     1.050000E+00     1.000000E+00
   1.650000E+00     0.000000E+00     0.000000E+00
   1.650000E+00     5.000000E-02     3.709399E-02
   1.650000E+00     1.000000E-01     8.561828E-02
   1.650000E+00     1.500000E-01     1.326193E-01
   1.650000E+00     2.000000E-01     1.792214E-01
   1.650000E+00     2.500000E-01     2.259810E-01
   1.650000E+00     3.000000E-01     2.729820E-01
   1.650000E+00     3.500000E-01     3.202399E-01
   1.650000E+00     4.000000E-01     3.677612E-01
   1.650000E+00     4.500000E-01     4.155421E-01
   1.650000E+00     5.000000E-01     4.635674E-01
   1.650000E+00     5.500000E-01     5.118127E-01
   1.650000E+00     6.000000E-01     5.602468E-01
   1.650000E+00     6.500000E-01     6.088353E-01
   1.650000E+00     7.000000E-01     6.575440E-01
   1.650000E+00     7.500000E-01     7.063422E-01
   1.650000E+00     8.000000E-01     7.552056E-01
   1.650000E+00     8.500000E-01     8.041156E-01
   1.650000E+00     9.000000E-01     8.530591E-01
   1.650000E+00     9.500000E-01     9.020268E-01
   1.650000E+00     1.000000E+00     9.510104E-01
   1.650000E+00     1.050000E+00     1.000000E+00
   1.700000E+00     0.000000E+00     0.000000E+00
   1.700000E+00     5.000000E-02     3.704659E-02
   1.700000E+00     1.000000E-01     8.550265E-02
   1.700000E+00     1.500000E-01     1.324449E-01
   1.700000E+00     2.000000E-01     1.790076E-01
   1.700000E+00     2.500000E-01     2.257467E-01
   1.700000E+00     3.000000E-01     2.727480E-01
   1.700000E+00     3.500000E-01     3.200280E-01
   1.700000E+00     4.000000E-01     3.675924E-01
   1.700000E+00     4.500000E-01     4.154346E-01
   1.700000E+00     5.000000E-01     4.635346E-01
   1.700000E+00     5.500000E-01     5.118602E-01
   1.700000E+00     6.000000E-01     5.603716E-01
   1.700000E+00     6.500000E-01     6.090255E-01
   1.700000E+00     7.000000E-01     6.577799E-01
   1.700000E+00     7.500000E-01     7.065991E-01
   1.700000E+00     8.000000E-01     7.554581E-01
   1.700000E+00     8.500000E-01     8.043411E-01
   1.700000E+00     9.000000E-01     8.532406E-01
   1.700000E+00     9.500000E-01     9.021534E-01
   1.700000E+00     1.000000E+00     9.510763E-01
   1.700000E+00     1.050000E+00     1.000000E+00
   1.750000E+00     0.000000E+00     0.000000E+00
   1.750000E+00     5.000000E-02     3.694463E-02
   1.750000E+00     1.000000E-01     8.526570E-02
   1.750000E+00     1.500000E-01     1.320953E-01
   1.750000E+00     2.000000E-01     1.785717E-01
   1.750000E+00     2.500000E-01     2.252545E-01
   1.750000E+00     3.000000E-01     2.722334E-01
   1.750000E+00     3.500000E-01     3.195272E-01
   1.750000E+00     4.000000E-01     3.671414E-01
   1.750000E+00     4.500000E-01     4.150656E-01
   1.750000E+00     5.000000E-01     4.632724E-01
   1.750000E+00     5.500000E-01     5.117191E-01
   1.750000E+00     6.000000E-01     5.603523E-01
   1.750000E+00     6.500000E-01     6.091141E-01
   1.750000E+00     7.000000E-01     6.579499E-01
   1.750000E+00     7.500000E-01     7.068164E-01
   1.750000E+00     8.000000E-01     7.556864E-01
   1.750000E+00     8.500000E-01     8.045496E-01
   1.750000E+00     9.000000E-01     8.534086E-01
   1.750000E+00     9.500000E-01     9.022703E-01
   1.750000E+00     1.000000E+00     9.511377E-01
   1.750000E+00     1.050000E+00     1.000000E+00
   1.800000E+00     0.000000E+00     0.000000E+00
   1.800000E+00     5.000000E-02     3.677304E-02
   1.800000E+00     1.000000E-01     8.488726E-02
   1.800000E+00     1.500000E-01     1.315453E-01
   1.800000E+00     2.000000E-01     1.778833E-01
   1.800000E+00     2.500000E-01     2.244698E-01
   1.800000E+00     3.000000E-01     2.714014E-01
   1.800000E+00     3.500000E-01     3.187012E-01
   1.800000E+00     4.000000E-01     3.663752E-01
   1.800000E+00     4.500000E-01     4.144092E-01
   1.800000E+00     5.000000E-01     4.627663E-01
   1.800000E+00     5.500000E-01     5.113886E-01
   1.800000E+00     6.000000E-01     5.602026E-01
   1.800000E+00     6.500000E-01     6.091282E-01
   1.800000E+00     7.000000E-01     6.580900E-01
   1.800000E+00     7.500000E-01     7.070312E-01
   1.800000E+00     8.000000E-01     7.559221E-01
   1.800000E+00     8.500000E-01     8.047624E-01
   1.800000E+00     9.000000E-01     8.535730E-01
   1.800000E+00     9.500000E-01     9.023804E-01
   1.800000E+00     1.000000E+00     9.511976E-01
   1.800000E+00     1.050000E+00     1.000000E+00
   1.850000E+00     0.000000E+00     0.000000E+00
   1.850000E+00     5.000000E-02     3.650435E-02
   1.850000E+00     1.000000E-01     8.434138E-02
   1.850000E+00     1.500000E-01     1.307620E-01
   1.850000E+00     2.000000E-01     1.768996E-01
   1.850000E+00     2.500000E-01     2.233427E-01
   1.850000E+00     3.000000E-01     2.701978E-01
   1.850000E+00     3.500000E-01     3.174948E-01
   1.850000E+00     4.000000E-01     3.652426E-01
   1.850000E+00     4.500000E-01     4.134239E-01
   1.850000E+00     5.000000E-01     4.619901E-01
   1.850000E+00     5.500000E-01     5.108628E-01
   1.850000E+00     6.000000E-01     5.599397E-01
   1.850000E+00     6.500000E-01     6.091065E-01
   1.850000E+00     7.000000E-01     6.582531E-01
   1.850000E+00     7.500000E-01     7.072990E-01
   1.850000E+00     8.000000E-01     7.562097E-01
   1.850000E+00     8.500000E-01     8.050048E-01
   1.850000E+00     9.000000E-01     8.537401E-01
   1.850000E+00     9.500000E-01     9.024790E-01
   1.850000E+00     1.000000E+00     9.512557E-01
   1.850000E+00     1.050000E+00     1.000000E+00
   1.900000E+00     0.000000E+00     0.000000E+00
   1.900000E+00     5.000000E-02     3.614662E-02
   1.900000E+00     1.000000E-01     8.361706E-02
   1.900000E+00     1.500000E-01     1.296934E-01
   1.900000E+00     2.000000E-01     1.755606E-01
   1.900000E+00     2.500000E-01     2.218057E-01
   1.900000E+00     3.000000E-01     2.685475E-01
   1.900000E+00     3.500000E-01     3.158300E-01
   1.900000E+00     4.000000E-01     3.636693E-01
   1.900000E+00     4.500000E-01     4.120464E-01
   1.900000E+00     5.000000E-01     4.609006E-01
   1.900000E+00     5.500000E-01     5.101282E-01
   1.900000E+00     6.000000E-01     5.595859E-01
   1.900000E+00     6.500000E-01     6.091061E-01
   1.900000E+00     7.000000E-01     6.585226E-01
   1.900000E+00     7.500000E-01     7.077079E-01
   1.900000E+00     8.000000E-01     7.566150E-01
   1.900000E+00     8.500000E-01     8.053039E-01
   1.900000E+00     9.000000E-01     8.539042E-01
   1.900000E+00     9.500000E-01     9.025460E-01
   1.900000E+00     1.000000E+00     9.512933E-01
   1.900000E+00     1.050000E+00     1.000000E+00
   1.950000E+00     0.000000E+00     0.000000E+00
   1.950000E+00     5.000000E-02     3.562644E-02
   1.950000E+00     1.000000E-01     8.263626E-02
   1.950000E+00     1.500000E-01     1.282901E-01
   1.950000E+00     2.000000E-01     1.737995E-01
   1.950000E+00     2.500000E-01     2.197717E-01
   1.950000E+00     3.000000E-01     2.663501E-01
   1.950000E+00     3.500000E-01     3.135986E-01
   1.950000E+00     4.000000E-01     3.615473E-01
   1.950000E+00     4.500000E-01     4.101807E-01
   1.950000E+00     5.000000E-01     4.594275E-01
   1.950000E+00     5.500000E-01     5.091540E-01
   1.950000E+00     6.000000E-01     5.591641E-01
   1.950000E+00     6.500000E-01     6.092122E-01
   1.950000E+00     7.000000E-01     6.590361E-01
   1.950000E+00     7.500000E-01     7.084167E-01
   1.950000E+00     8.000000E-01     7.572639E-01
   1.950000E+00     8.500000E-01     8.056945E-01
   1.950000E+00     9.000000E-01     8.540007E-01
   1.950000E+00     9.500000E-01     9.024874E-01
   1.950000E+00     1.000000E+00     9.512549E-01
   1.950000E+00     1.050000E+00     1.000000E+00
   2.000000E+00     0.000000E+00     0.000000E+00
   2.000000E+00     5.000000E-02     3.526590E-02
   2.000000E+00     1.000000E-01     8.143547E-02
   2.000000E+00     1.500000E-01     1.264865E-01
   2.000000E+00     2.000000E-01     1.715285E-01
   2.000000E+00     2.500000E-01     2.171303E-01
   2.000000E+00     3.000000E-01     2.634726E-01
   2.000000E+00     3.500000E-01     3.106530E-01
   2.000000E+00     4.000000E-01     3.587242E-01
   2.000000E+00     4.500000E-01     4.076835E-01
   2.000000E+00     5.000000E-01     4.574562E-01
   2.000000E+00     5.500000E-01     5.078793E-01
   2.000000E+00     6.000000E-01     5.586924E-01
   2.000000E+00     6.500000E-01     6.095420E-01
   2.000000E+00     7.000000E-01     6.600147E-01
   2.000000E+00     7.500000E-01     7.097155E-01
   2.000000E+00     8.000000E-01     7.584096E-01
   2.000000E+00     8.500000E-01     8.062279E-01
   2.000000E+00     9.000000E-01     8.538184E-01
   2.000000E+00     9.500000E-01     9.020644E-01
   2.000000E+00     1.000000E+00     9.510994E-01
   2.000000E+00     1.050000E+00     1.000000E+00
   2.050000E+00     0.000000E+00     0.000000E+00
   2.050000E+00     5.000000E-02     3.460270E-02
   2.050000E+00     1.000000E-01     7.993130E-02
   2.050000E+00     1.500000E-01     1.242420E-01
   2.050000E+00     2.000000E-01     1.686483E-01
   2.050000E+00     2.500000E-01     2.137468E-01
   2.050000E+00     3.000000E-01     2.597577E-01
   2.050000E+00     3.500000E-01     3.068182E-01
   2.050000E+00     4.000000E-01     3.550179E-01
   2.050000E+00     4.500000E-01     4.043828E-01
   2.050000E+00     5.000000E-01     4.548484E-01
   2.050000E+00     5.500000E-01     5.062300E-01
   2.050000E+00     6.000000E-01     5.581938E-01
   2.050000E+00     6.500000E-01     6.102407E-01
   2.050000E+00     7.000000E-01     6.617271E-01
   2.050000E+00     7.500000E-01     7.119529E-01
   2.050000E+00     8.000000E-01     7.603656E-01
   2.050000E+00     8.500000E-01     8.069862E-01
   2.050000E+00     9.000000E-01     8.530849E-01
   2.050000E+00     9.500000E-01     9.009936E-01
   2.050000E+00     1.000000E+00     9.508553E-01
   2.050000E+00     1.050000E+00     1.000002E+00
