# X            Y            Omega
   0.000000E+00     0.000000E+00     0.000000E+00
   0.000000E+00     5.000000E-02     0.000000E+00
   0.000000E+00     1.000000E-01     0.000000E+00
   0.000000E+00     1.500000E-01     0.000000E+00
   0.000000E+00     2.000000E-01     0.000000E+00
   0.000000E+00     2.500000E-01     0.000000E+00
   0.000000E+00     3.000000E-01     0.000000E+00
   0.000000E+00     3.500000E-01     0.000000E+00
   0.000000E+00     4.000000E-01     0.000000E+00
   0.000000E+00     4.500000E-01     0.000000E+00
   0.000000E+00     5.000000E-01     0.000000E+00
   0.000000E+00     5.500000E-01     0.000000E+00
   0.000000E+00     6.000000E-01     0.000000E+00
   0.000000E+00     6.500000E-01     0.000000E+00
   0.000000E+00     7.000000E-01     0.000000E+00
   0.000000E+00     7.500000E-01     0.000000E+00
   0.000000E+00     8.000000E-01     0.000000E+00
   0.000000E+00     8.500000E-01     0.000000E+00
   0.000000E+00     9.000000E-01     0.000000E+00
   0.000000E+00     9.500000E-01     0.000000E+00
   0.000000E+00     1.000000E+00     0.000000E+00
   0.000000E+00     1.050000E+00     0.000000E+00
   5.000000E-02     0.000000E+00    -2.942970E+01
   5.000000E-02     5.000000E-02    -1.441813E+01
   5.000000E-02     1.000000E-01    -6.814212E+00
   5.000000E-02     1.500000E-01    -4.027509E+00
   5.000000E-02     2.000000E-01    -2.481860E+00
   5.000000E-02     2.500000E-01    -1.580670E+00
   5.000000E-02     3.000000E-01    -1.125762E+00
   5.000000E-02     3.500000E-01    -8.986547E-01
   5.000000E-02     4.000000E-01    -7.790781E-01
   5.000000E-02     4.500000E-01    -7.113952E-01
   5.000000E-02     5.000000E-01    -6.659006E-01
   5.000000E-02     5.500000E-01    -6.255994E-01
   5.000000E-02     6.000000E-01    -5.818398E-01
   5.000000E-02     6.500000E-01    -5.312127E-01
   5.000000E-02     7.000000E-01    -4.736768E-01
   5.000000E-02     7.500000E-01    -4.107272E-01
   5.000000E-02     8.000000E-01    -3.443558E-01
   5.000000E-02     8.500000E-01    -2.763249E-01
   5.000000E-02     9.000000E-01    -2.077731E-01
   5.000000E-02     9.500000E-01    -1.391219E-01
   5.000000E-02     1.000000E+00    -7.018393E-02
   5.000000E-02     1.050000E+00     0.000000E+00
   1.000000E-01     0.000000E+00    -1.323801E+01
   1.000000E-01     5.000000E-02    -1.022927E+01
   1.000000E-01     1.000000E-01    -6.717065E+00
   1.000000E-01     1.500000E-01    -4.504340E+00
   1.000000E-01     2.000000E-01    -3.190488E+00
   1.000000E-01     2.500000E-01    -2.391601E+00
   1.000000E-01     3.000000E-01    -1.935223E+00
   1.000000E-01     3.500000E-01    -1.681708E+00
   1.000000E-01     4.000000E-01    -1.540587E+00
   1.000000E-01     4.500000E-01    -1.454742E+00
   1.000000E-01     5.000000E-01    -1.387492E+00
   1.000000E-01     5.500000E-01    -1.316118E+00
   1.000000E-01     6.000000E-01    -1.228912E+00
   1.000000E-01     6.500000E-01    -1.122730E+00
   1.000000E-01     7.000000E-01    -9.998972E-01
   1.000000E-01     7.500000E-01    -8.651534E-01
   1.000000E-01     8.000000E-01    -7.234296E-01
   1.000000E-01     8.500000E-01    -5.788971E-01
   1.000000E-01     9.000000E-01    -4.340171E-01
   1.000000E-01     9.500000E-01    -2.896123E-01
   1.000000E-01     1.000000E+00    -1.452274E-01
   1.000000E-01     1.050000E+00     0.000000E+00
   1.500000E-01     0.000000E+00    -5.765634E+00
   1.500000E-01     5.000000E-02    -6.133022E+00
   1.500000E-01     1.000000E-01    -5.240071E+00
   1.500000E-01     1.500000E-01    -4.192964E+00
   1.500000E-01     2.000000E-01    -3.419369E+00
   1.500000E-01     2.500000E-01    -2.894261E+00
   1.500000E-01     3.000000E-01    -2.577162E+00
   1.500000E-01     3.500000E-01    -2.400333E+00
   1.500000E-01     4.000000E-01    -2.305400E+00
   1.500000E-01     4.500000E-01    -2.244370E+00
   1.500000E-01     5.000000E-01    -2.180344E+00
   1.500000E-01     5.500000E-01    -2.088528E+00
   1.500000E-01     6.000000E-01    -1.957630E+00
   1.500000E-01     6.500000E-01    -1.788249E+00
   1.500000E-01     7.000000E-01    -1.588715E+00
   1.500000E-01     7.500000E-01    -1.369657E+00
   1.500000E-01     8.000000E-01    -1.140785E+00
   1.500000E-01     8.500000E-01    -9.092894E-01
   1.500000E-01     9.000000E-01    -6.791293E-01
   1.500000E-01     9.500000E-01    -4.514109E-01
   1.500000E-01     1.000000E+00    -2.255311E-01
   1.500000E-01     1.050000E+00     0.000000E+00
   2.000000E-01     0.000000E+00    -2.615553E+00
   2.000000E-01     5.000000E-02    -3.547384E+00
   2.000000E-01     1.000000E-01    -3.793118E+00
   2.000000E-01     1.500000E-01    -3.628181E+00
   2.000000E-01     2.000000E-01    -3.389552E+00
   2.000000E-01     2.500000E-01    -3.203505E+00
   2.000000E-01     3.000000E-01    -3.106456E+00
   2.000000E-01     3.500000E-01    -3.081208E+00
   2.000000E-01     4.000000E-01    -3.093904E+00
   2.000000E-01     4.500000E-01    -3.104320E+00
   2.000000E-01     5.000000E-01    -3.074138E+00
   2.000000E-01     5.500000E-01    -2.973007E+00
   2.000000E-01     6.000000E-01    -2.794284E+00
   2.000000E-01     6.500000E-01    -2.547046E+00
   2.000000E-01     7.000000E-01    -2.252033E+00
   2.000000E-01     7.500000E-01    -1.930465E+00
   2.000000E-01     8.000000E-01    -1.598828E+00
   2.000000E-01     8.500000E-01    -1.267917E+00
   2.000000E-01     9.000000E-01    -9.427881E-01
   2.000000E-01     9.500000E-01    -6.243196E-01
   2.000000E-01     1.000000E+00    -3.110690E-01
   2.000000E-01     1.050000E+00     0.000000E+00
   2.500000E-01     0.000000E+00    -8.667706E-01
   2.500000E-01     5.000000E-02    -1.930121E+00
   2.500000E-01     1.000000E-01    -2.683251E+00
   2.500000E-01     1.500000E-01    -3.070657E+00
   2.500000E-01     2.000000E-01    -3.278802E+00
   2.500000E-01     2.500000E-01    -3.431082E+00
   2.500000E-01     3.000000E-01    -3.588240E+00
   2.500000E-01     3.500000E-01    -3.767490E+00
   2.500000E-01     4.000000E-01    -3.948666E+00
   2.500000E-01     4.500000E-01    -4.082225E+00
   2.500000E-01     5.000000E-01    -4.122436E+00
   2.500000E-01     5.500000E-01    -4.019461E+00
   2.500000E-01     6.000000E-01    -3.779004E+00
   2.500000E-01     6.500000E-01    -3.424759E+00
   2.500000E-01     7.000000E-01    -3.002792E+00
   2.500000E-01     7.500000E-01    -2.552071E+00
   2.500000E-01     8.000000E-01    -2.097644E+00
   2.500000E-01     8.500000E-01    -1.653134E+00
   2.500000E-01     9.000000E-01    -1.223183E+00
   2.500000E-01     9.500000E-01    -8.070229E-01
   2.500000E-01     1.000000E+00    -4.010889E-01
   2.500000E-01     1.050000E+00     0.000000E+00
   3.000000E-01     0.000000E+00     4.576102E-01
   3.000000E-01     5.000000E-02    -8.505144E-01
   3.000000E-01     1.000000E-01    -1.923444E+00
   3.000000E-01     1.500000E-01    -2.671351E+00
   3.000000E-01     2.000000E-01    -3.218009E+00
   3.000000E-01     2.500000E-01    -3.664643E+00
   3.000000E-01     3.000000E-01    -4.076029E+00
   3.000000E-01     3.500000E-01    -4.494452E+00
   3.000000E-01     4.000000E-01    -4.918378E+00
   3.000000E-01     4.500000E-01    -5.257467E+00
   3.000000E-01     5.000000E-01    -5.407195E+00
   3.000000E-01     5.500000E-01    -5.310988E+00
   3.000000E-01     6.000000E-01    -4.971643E+00
   3.000000E-01     6.500000E-01    -4.451224E+00
   3.000000E-01     7.000000E-01    -3.850004E+00
   3.000000E-01     7.500000E-01    -3.232487E+00
   3.000000E-01     8.000000E-01    -2.631746E+00
   3.000000E-01     8.500000E-01    -2.059286E+00
   3.000000E-01     9.000000E-01    -1.515795E+00
   3.000000E-01     9.500000E-01    -9.964726E-01
   3.000000E-01     1.000000E+00    -4.940685E-01
   3.000000E-01     1.050000E+00     0.000000E+00
   3.500000E-01     0.000000E+00     1.310759E+00
   3.500000E-01     5.000000E-02    -1.890345E-01
   3.500000E-01     1.000000E-01    -1.476901E+00
   3.500000E-01     1.500000E-01    -2.467285E+00
   3.500000E-01     2.000000E-01    -3.268333E+00
   3.500000E-01     2.500000E-01    -3.956203E+00
   3.500000E-01     3.000000E-01    -4.591193E+00
   3.500000E-01     3.500000E-01    -5.246377E+00
   3.500000E-01     4.000000E-01    -6.016659E+00
   3.500000E-01     4.500000E-01    -6.759788E+00
   3.500000E-01     5.000000E-01    -7.061236E+00
   3.500000E-01     5.500000E-01    -7.015883E+00
   3.500000E-01     6.000000E-01    -6.459187E+00
   3.500000E-01     6.500000E-01    -5.647314E+00
   3.500000E-01     7.000000E-01    -4.784028E+00
   3.500000E-01     7.500000E-01    -3.954028E+00
   3.500000E-01     8.000000E-01    -3.185513E+00
   3.500000E-01     8.500000E-01    -2.474723E+00
   3.500000E-01     9.000000E-01    -1.812578E+00
   3.500000E-01     9.500000E-01    -1.187638E+00
   3.500000E-01     1.000000E+00    -5.876188E-01
   3.500000E-01     1.050000E+00     0.000000E+00
   4.000000E-01     0.000000E+00     1.636092E+00
   4.000000E-01     5.000000E-02     6.739200E-02
   4.000000E-01     1.000000E-01    -1.306522E+00
   4.000000E-01     1.500000E-01    -2.448245E+00
   4.000000E-01     2.000000E-01    -3.445261E+00
   4.000000E-01     2.500000E-01    -4.330093E+00
   4.000000E-01     3.000000E-01    -5.139909E+00
   4.000000E-01     3.500000E-01    -5.936843E+00
   4.000000E-01     4.000000E-01    -7.134898E+00
   4.000000E-01     4.500000E-01    -8.566380E+00
   4.000000E-01     5.000000E-01    -9.602304E+00
   4.000000E-01     5.500000E-01    -9.479740E+00
   4.000000E-01     6.000000E-01    -8.306867E+00
   4.000000E-01     6.500000E-01    -6.968248E+00
   4.000000E-01     7.000000E-01    -5.749106E+00
   4.000000E-01     7.500000E-01    -4.677181E+00
   4.000000E-01     8.000000E-01    -3.731479E+00
   4.000000E-01     8.500000E-01    -2.881174E+00
   4.000000E-01     9.000000E-01    -2.101870E+00
   4.000000E-01     9.500000E-01    -1.373655E+00
   4.000000E-01     1.000000E+00    -6.785736E-01
   4.000000E-01     1.050000E+00     0.000000E+00
   4.500000E-01     0.000000E+00     1.119512E+00
   4.500000E-01     5.000000E-02    -7.459328E-02
   4.500000E-01     1.000000E-01    -1.306254E+00
   4.500000E-01     1.500000E-01    -2.586296E+00
   4.500000E-01     2.000000E-01    -3.725319E+00
   4.500000E-01     2.500000E-01    -4.796353E+00
   4.500000E-01     3.000000E-01    -5.779383E+00
   4.500000E-01     3.500000E-01    -6.522832E+00
   4.500000E-01     4.000000E-01    -8.109699E+00
   4.500000E-01     4.500000E-01    -9.285829E+00
   4.500000E-01     5.000000E-01    -1.461782E+01
   4.500000E-01     5.500000E-01    -1.287407E+01
   4.500000E-01     6.000000E-01    -1.026366E+01
   4.500000E-01     6.500000E-01    -8.211675E+00
   4.500000E-01     7.000000E-01    -6.628224E+00
   4.500000E-01     7.500000E-01    -5.337350E+00
   4.500000E-01     8.000000E-01    -4.232213E+00
   4.500000E-01     8.500000E-01    -3.255629E+00
   4.500000E-01     9.000000E-01    -2.369678E+00
   4.500000E-01     9.500000E-01    -1.546570E+00
   4.500000E-01     1.000000E+00    -7.633330E-01
   4.500000E-01     1.050000E+00     0.000000E+00
   5.000000E-01     0.000000E+00     7.911947E-01
   5.000000E-01     5.000000E-02    -2.360195E-01
   5.000000E-01     1.000000E-01    -1.234216E+00
   5.000000E-01     1.500000E-01    -2.797605E+00
   5.000000E-01     2.000000E-01    -4.016223E+00
   5.000000E-01     2.500000E-01    -5.257772E+00
   5.000000E-01     3.000000E-01    -6.415145E+00
   5.000000E-01     3.500000E-01    -6.233730E+00
   5.000000E-01     4.000000E-01    -7.698360E+00
   5.000000E-01     4.500000E-01    -3.913583E+00
   5.000000E-01     5.000000E-01    -2.258678E+01
   5.000000E-01     5.500000E-01    -1.623188E+01
   5.000000E-01     6.000000E-01    -1.145587E+01
   5.000000E-01     6.500000E-01    -8.983047E+00
   5.000000E-01     7.000000E-01    -7.269078E+00
   5.000000E-01     7.500000E-01    -5.861283E+00
   5.000000E-01     8.000000E-01    -4.647467E+00
   5.000000E-01     8.500000E-01    -3.574706E+00
   5.000000E-01     9.000000E-01    -2.602078E+00
   5.000000E-01     9.500000E-01    -1.698436E+00
   5.000000E-01     1.000000E+00    -8.383279E-01
   5.000000E-01     1.050000E+00     0.000000E+00
   5.500000E-01     5.000000E-01    -9.279398E+00
   5.500000E-01     5.500000E-01    -1.300890E+01
   5.500000E-01     6.000000E-01    -1.156780E+01
   5.500000E-01     6.500000E-01    -9.398713E+00
   5.500000E-01     7.000000E-01    -7.645377E+00
   5.500000E-01     7.500000E-01    -6.205168E+00
   5.500000E-01     8.000000E-01    -4.949053E+00
   5.500000E-01     8.500000E-01    -3.821407E+00
   5.500000E-01     9.000000E-01    -2.788575E+00
   5.500000E-01     9.500000E-01    -1.823077E+00
   5.500000E-01     1.000000E+00    -9.006481E-01
   5.500000E-01     1.050000E+00     0.000000E+00
   6.000000E-01     5.000000E-01    -1.146515E+01
   6.000000E-01     5.500000E-01    -1.202433E+01
   6.000000E-01     6.000000E-01    -1.072762E+01
   6.000000E-01     6.500000E-01    -9.206113E+00
   6.000000E-01     7.000000E-01    -7.738723E+00
   6.000000E-01     7.500000E-01    -6.380845E+00
   6.000000E-01     8.000000E-01    -5.136281E+00
   6.000000E-01     8.500000E-01    -3.990688E+00
   6.000000E-01     9.000000E-01    -2.924385E+00
   6.000000E-01     9.500000E-01    -1.917033E+00
   6.000000E-01     1.000000E+00    -9.485956E-01
   6.000000E-01     1.050000E+00     0.000000E+00
   6.500000E-01     5.000000E-01    -1.067712E+01
   6.500000E-01     5.500000E-01    -1.095727E+01
   6.500000E-01     6.000000E-01    -1.014924E+01
   6.500000E-01     6.500000E-01    -8.959398E+00
   6.500000E-01     7.000000E-01    -7.680642E+00
   6.500000E-01     7.500000E-01    -6.423393E+00
   6.500000E-01     8.000000E-01    -5.224157E+00
   6.500000E-01     8.500000E-01    -4.088538E+00
   6.500000E-01     9.000000E-01    -3.011003E+00
   6.500000E-01     9.500000E-01    -1.980227E+00
   6.500000E-01     1.000000E+00    -9.817823E-01
   6.500000E-01     1.050000E+00     0.000000E+00
   7.000000E-01     5.000000E-01    -1.162099E+01
   7.000000E-01     5.500000E-01    -1.082124E+01
   7.000000E-01     6.000000E-01    -9.805857E+00
   7.000000E-01     6.500000E-01    -8.712671E+00
   7.000000E-01     7.000000E-01    -7.558078E+00
   7.000000E-01     7.500000E-01    -6.388914E+00
   7.000000E-01     8.000000E-01    -5.239969E+00
   7.000000E-01     8.500000E-01    -4.127407E+00
   7.000000E-01     9.000000E-01    -3.054066E+00
   7.000000E-01     9.500000E-01    -2.015088E+00
   7.000000E-01     1.000000E+00    -1.001043E+00
   7.000000E-01     1.050000E+00     0.000000E+00
   7.500000E-01     5.000000E-01    -1.174375E+01
   7.500000E-01     5.500000E-01    -1.066113E+01
   7.500000E-01     6.000000E-01    -9.574291E+00
   7.500000E-01     6.500000E-01    -8.508772E+00
   7.500000E-01     7.000000E-01    -7.418175E+00
   7.500000E-01     7.500000E-01    -6.309920E+00
   7.500000E-01     8.000000E-01    -5.205448E+00
   7.500000E-01     8.500000E-01    -4.120505E+00
   7.500000E-01     9.000000E-01    -3.060896E+00
   7.500000E-01     9.500000E-01    -2.025270E+00
   7.500000E-01     1.000000E+00    -1.007844E+00
   7.500000E-01     1.050000E+00     0.000000E+00
   8.000000E-01     5.000000E-01    -1.097915E+01
   8.000000E-01     5.500000E-01    -1.030497E+01
   8.000000E-01     6.000000E-01    -9.344368E+00
   8.000000E-01     6.500000E-01    -8.326863E+00
   8.000000E-01     7.000000E-01    -7.273939E+00
   8.000000E-01     7.500000E-01    -6.204037E+00
   8.000000E-01     8.000000E-01    -5.135006E+00
   8.000000E-01     8.500000E-01    -4.078120E+00
   8.000000E-01     9.000000E-01    -3.038025E+00
   8.000000E-01     9.500000E-01    -2.014484E+00
   8.000000E-01     1.000000E+00    -1.003847E+00
   8.000000E-01     1.050000E+00     0.000000E+00
   8.500000E-01     5.000000E-01    -9.567784E+00
   8.500000E-01     5.500000E-01    -9.958385E+00
   8.500000E-01     6.000000E-01    -9.184368E+00
   8.500000E-01     6.500000E-01    -8.173009E+00
   8.500000E-01     7.000000E-01    -7.125889E+00
   8.500000E-01     7.500000E-01    -6.076295E+00
   8.500000E-01     8.000000E-01    -5.035383E+00
   8.500000E-01     8.500000E-01    -4.006264E+00
   8.500000E-01     9.000000E-01    -2.990054E+00
   8.500000E-01     9.500000E-01    -1.985733E+00
   8.500000E-01     1.000000E+00    -9.904939E-01
   8.500000E-01     1.050000E+00     0.000000E+00
   9.000000E-01     5.000000E-01    -9.310178E+00
   9.000000E-01     5.500000E-01    -1.001474E+01
   9.000000E-01     6.000000E-01    -9.134094E+00
   9.000000E-01     6.500000E-01    -8.035204E+00
   9.000000E-01     7.000000E-01    -6.961067E+00
   9.000000E-01     7.500000E-01    -5.920497E+00
   9.000000E-01     8.000000E-01    -4.905795E+00
   9.000000E-01     8.500000E-01    -3.906748E+00
   9.000000E-01     9.000000E-01    -2.919365E+00
   9.000000E-01     9.500000E-01    -1.940969E+00
   9.000000E-01     1.000000E+00    -9.688689E-01
   9.000000E-01     1.050000E+00     0.000000E+00
   9.500000E-01     5.000000E-01    -9.122395E+00
   9.500000E-01     5.500000E-01    -1.047629E+01
   9.500000E-01     6.000000E-01    -9.227994E+00
   9.500000E-01     6.500000E-01    -7.871454E+00
   9.500000E-01     7.000000E-01    -6.743020E+00
   9.500000E-01     7.500000E-01    -5.721776E+00
   9.500000E-01     8.000000E-01    -4.740592E+00
   9.500000E-01     8.500000E-01    -3.778349E+00
   9.500000E-01     9.000000E-01    -2.826600E+00
   9.500000E-01     9.500000E-01    -1.881203E+00
   9.500000E-01     1.000000E+00    -9.396444E-01
   9.500000E-01     1.050000E+00     0.000000E+00
   1.000000E+00     0.000000E+00     5.555954E-01
   1.000000E+00     5.000000E-02    -7.392146E-02
   1.000000E+00     1.000000E-01    -6.045287E-01
   1.000000E+00     1.500000E-01    -1.002882E+00
   1.000000E+00     2.000000E-01    -1.968367E+00
   1.000000E+00     2.500000E-01    -2.570694E+00
   1.000000E+00     3.000000E-01    -3.415123E+00
   1.000000E+00     3.500000E-01    -2.987169E+00
   1.000000E+00     4.000000E-01    -3.267005E+00
   1.000000E+00     4.500000E-01     7.451421E-01
   1.000000E+00     5.000000E-01    -1.341333E+01
   1.000000E+00     5.500000E-01    -1.128357E+01
   1.000000E+00     6.000000E-01    -8.849085E+00
   1.000000E+00     6.500000E-01    -7.467698E+00
   1.000000E+00     7.000000E-01    -6.420509E+00
   1.000000E+00     7.500000E-01    -5.460882E+00
   1.000000E+00     8.000000E-01    -4.532731E+00
   1.000000E+00     8.500000E-01    -3.619181E+00
   1.000000E+00     9.000000E-01    -2.711894E+00
   1.000000E+00     9.500000E-01    -1.807129E+00
   1.000000E+00     1.000000E+00    -9.033452E-01
   1.000000E+00     1.050000E+00     0.000000E+00
   1.050000E+00     0.000000E+00     8.065577E-01
   1.050000E+00     5.000000E-02     2.299484E-01
   1.050000E+00     1.000000E-01    -4.065568E-01
   1.050000E+00     1.500000E-01    -1.040426E+00
   1.050000E+00     2.000000E-01    -1.803311E+00
   1.050000E+00     2.500000E-01    -2.502585E+00
   1.050000E+00     3.000000E-01    -3.266157E+00
   1.050000E+00     3.500000E-01    -3.865588E+00
   1.050000E+00     4.000000E-01    -4.506569E+00
   1.050000E+00     4.500000E-01    -4.441130E+00
   1.050000E+00     5.000000E-01    -8.787059E+00
   1.050000E+00     5.500000E-01    -8.910971E+00
   1.050000E+00     6.000000E-01    -7.923728E+00
   1.050000E+00     6.500000E-01    -6.905722E+00
   1.050000E+00     7.000000E-01    -5.995277E+00
   1.050000E+00     7.500000E-01    -5.131164E+00
   1.050000E+00     8.000000E-01    -4.280016E+00
   1.050000E+00     8.500000E-01    -3.429476E+00
   1.050000E+00     9.000000E-01    -2.576305E+00
   1.050000E+00     9.500000E-01    -1.719803E+00
   1.050000E+00     1.000000E+00    -8.605908E-01
   1.050000E+00     1.050000E+00     0.000000E+00
   1.100000E+00     0.000000E+00     1.435034E+00
   1.100000E+00     5.000000E-02     5.825123E-01
   1.100000E+00     1.000000E-01    -2.110845E-01
   1.100000E+00     1.500000E-01    -9.394820E-01
   1.100000E+00     2.000000E-01    -1.641939E+00
   1.100000E+00     2.500000E-01    -2.339003E+00
   1.100000E+00     3.000000E-01    -3.016679E+00
   1.100000E+00     3.500000E-01    -3.715067E+00
   1.100000E+00     4.000000E-01    -4.370246E+00
   1.100000E+00     4.500000E-01    -5.399235E+00
   1.100000E+00     5.000000E-01    -6.436609E+00
   1.100000E+00     5.500000E-01    -7.036031E+00
   1.100000E+00     6.000000E-01    -6.784747E+00
   1.100000E+00     6.500000E-01    -6.179275E+00
   1.100000E+00     7.000000E-01    -5.480981E+00
   1.100000E+00     7.500000E-01    -4.747275E+00
   1.100000E+00     8.000000E-01    -3.989820E+00
   1.100000E+00     8.500000E-01    -3.213593E+00
   1.100000E+00     9.000000E-01    -2.422770E+00
   1.100000E+00     9.500000E-01    -1.621132E+00
   1.100000E+00     1.000000E+00    -8.123308E-01
   1.100000E+00     1.050000E+00     0.000000E+00
   1.150000E+00     0.000000E+00     1.612734E+00
   1.150000E+00     5.000000E-02     7.452160E-01
   1.150000E+00     1.000000E-01    -8.279616E-02
   1.150000E+00     1.500000E-01    -8.206748E-01
   1.150000E+00     2.000000E-01    -1.505729E+00
   1.150000E+00     2.500000E-01    -2.170124E+00
   1.150000E+00     3.000000E-01    -2.811392E+00
   1.150000E+00     3.500000E-01    -3.455893E+00
   1.150000E+00     4.000000E-01    -4.096811E+00
   1.150000E+00     4.500000E-01    -4.897807E+00
   1.150000E+00     5.000000E-01    -5.423650E+00
   1.150000E+00     5.500000E-01    -5.835559E+00
   1.150000E+00     6.000000E-01    -5.797057E+00
   1.150000E+00     6.500000E-01    -5.448626E+00
   1.150000E+00     7.000000E-01    -4.936940E+00
   1.150000E+00     7.500000E-01    -4.334984E+00
   1.150000E+00     8.000000E-01    -3.676627E+00
   1.150000E+00     8.500000E-01    -2.979895E+00
   1.150000E+00     9.000000E-01    -2.256222E+00
   1.150000E+00     9.500000E-01    -1.513952E+00
   1.150000E+00     1.000000E+00    -7.598682E-01
   1.150000E+00     1.050000E+00     0.000000E+00
   1.200000E+00     0.000000E+00     1.571109E+00
   1.200000E+00     5.000000E-02     7.579828E-01
   1.200000E+00     1.000000E-01    -3.504705E-02
   1.200000E+00     1.500000E-01    -7.421666E-01
   1.200000E+00     2.000000E-01    -1.395958E+00
   1.200000E+00     2.500000E-01    -2.017574E+00
   1.200000E+00     3.000000E-01    -2.615035E+00
   1.200000E+00     3.500000E-01    -3.195488E+00
   1.200000E+00     4.000000E-01    -3.766050E+00
   1.200000E+00     4.500000E-01    -4.323049E+00
   1.200000E+00     5.000000E-01    -4.745788E+00
   1.200000E+00     5.500000E-01    -5.005419E+00
   1.200000E+00     6.000000E-01    -5.014538E+00
   1.200000E+00     6.500000E-01    -4.795832E+00
   1.200000E+00     7.000000E-01    -4.414349E+00
   1.200000E+00     7.500000E-01    -3.923236E+00
   1.200000E+00     8.000000E-01    -3.357163E+00
   1.200000E+00     8.500000E-01    -2.738478E+00
   1.200000E+00     9.000000E-01    -2.082811E+00
   1.200000E+00     9.500000E-01    -1.401795E+00
   1.200000E+00     1.000000E+00    -7.048196E-01
   1.200000E+00     1.050000E+00     0.000000E+00
   1.250000E+00     0.000000E+00     1.383310E+00
   1.250000E+00     5.000000E-02     6.607005E-01
   1.250000E+00     1.000000E-01    -5.948199E-02
   1.250000E+00     1.500000E-01    -7.111198E-01
   1.250000E+00     2.000000E-01    -1.315463E+00
   1.250000E+00     2.500000E-01    -1.885520E+00
   1.250000E+00     3.000000E-01    -2.427375E+00
   1.250000E+00     3.500000E-01    -2.941883E+00
   1.250000E+00     4.000000E-01    -3.424092E+00
   1.250000E+00     4.500000E-01    -3.851769E+00
   1.250000E+00     5.000000E-01    -4.186617E+00
   1.250000E+00     5.500000E-01    -4.375188E+00
   1.250000E+00     6.000000E-01    -4.389641E+00
   1.250000E+00     6.500000E-01    -4.233740E+00
   1.250000E+00     7.000000E-01    -3.937468E+00
   1.250000E+00     7.500000E-01    -3.532487E+00
   1.250000E+00     8.000000E-01    -3.045743E+00
   1.250000E+00     8.500000E-01    -2.498939E+00
   1.250000E+00     9.000000E-01    -1.908766E+00
   1.250000E+00     9.500000E-01    -1.288403E+00
   1.250000E+00     1.000000E+00    -6.489270E-01
   1.250000E+00     1.050000E+00     0.000000E+00
   1.300000E+00     0.000000E+00     1.108962E+00
   1.300000E+00     5.000000E-02     4.903705E-01
   1.300000E+00     1.000000E-01    -1.405802E-01
   1.300000E+00     1.500000E-01    -7.218842E-01
   1.300000E+00     2.000000E-01    -1.264706E+00
   1.300000E+00     2.500000E-01    -1.775798E+00
   1.300000E+00     3.000000E-01    -2.256624E+00
   1.300000E+00     3.500000E-01    -2.704337E+00
   1.300000E+00     4.000000E-01    -3.109598E+00
   1.300000E+00     4.500000E-01    -3.456607E+00
   1.300000E+00     5.000000E-01    -3.717368E+00
   1.300000E+00     5.500000E-01    -3.863692E+00
   1.300000E+00     6.000000E-01    -3.875820E+00
   1.300000E+00     6.500000E-01    -3.754272E+00
   1.300000E+00     7.000000E-01    -3.513619E+00
   1.300000E+00     7.500000E-01    -3.172973E+00
   1.300000E+00     8.000000E-01    -2.751917E+00
   1.300000E+00     8.500000E-01    -2.268837E+00
   1.300000E+00     9.000000E-01    -1.739449E+00
   1.300000E+00     9.500000E-01    -1.177173E+00
   1.300000E+00     1.000000E+00    -5.938291E-01
   1.300000E+00     1.050000E+00     0.000000E+00
   1.350000E+00     0.000000E+00     7.886993E-01
   1.350000E+00     5.000000E-02     2.761607E-01
   1.350000E+00     1.000000E-01    -2.609661E-01
   1.350000E+00     1.500000E-01    -7.654602E-01
   1.350000E+00     2.000000E-01    -1.240957E+00
   1.350000E+00     2.500000E-01    -1.689204E+00
   1.350000E+00     3.000000E-01    -2.108242E+00
   1.350000E+00     3.500000E-01    -2.492829E+00
   1.350000E+00     4.000000E-01    -2.833713E+00
   1.350000E+00     4.500000E-01    -3.117616E+00
   1.350000E+00     5.000000E-01    -3.324959E+00
   1.350000E+00     5.500000E-01    -3.438500E+00
   1.350000E+00     6.000000E-01    -3.445551E+00
   1.350000E+00     6.500000E-01    -3.344049E+00
   1.350000E+00     7.000000E-01    -3.141113E+00
   1.350000E+00     7.500000E-01    -2.848694E+00
   1.350000E+00     8.000000E-01    -2.481191E+00
   1.350000E+00     8.500000E-01    -2.053285E+00
   1.350000E+00     9.000000E-01    -1.578909E+00
   1.350000E+00     9.500000E-01    -1.070834E+00
   1.350000E+00     1.000000E+00    -5.408878E-01
   1.350000E+00     1.050000E+00     0.000000E+00
   1.400000E+00     0.000000E+00     4.535120E-01
   1.400000E+00     5.000000E-02     3.931192E-02
   1.400000E+00     1.000000E-01    -4.060182E-01
   1.400000E+00     1.500000E-01    -8.327909E-01
   1.400000E+00     2.000000E-01    -1.239786E+00
   1.400000E+00     2.500000E-01    -1.624996E+00
   1.400000E+00     3.000000E-01    -1.984097E+00
   1.400000E+00     3.500000E-01    -2.310684E+00
   1.400000E+00     4.000000E-01    -2.595904E+00
   1.400000E+00     4.500000E-01    -2.828286E+00
   1.400000E+00     5.000000E-01    -2.994308E+00
   1.400000E+00     5.500000E-01    -3.081692E+00
   1.400000E+00     6.000000E-01    -3.081788E+00
   1.400000E+00     6.500000E-01    -2.991859E+00
   1.400000E+00     7.000000E-01    -2.815268E+00
   1.400000E+00     7.500000E-01    -2.559767E+00
   1.400000E+00     8.000000E-01    -2.235853E+00
   1.400000E+00     8.500000E-01    -1.855202E+00
   1.400000E+00     9.000000E-01    -1.429789E+00
   1.400000E+00     9.500000E-01    -9.713214E-01
   1.400000E+00     1.000000E+00    -4.911157E-01
   1.400000E+00     1.050000E+00     0.000000E+00
   1.450000E+00     0.000000E+00     1.229385E-01
   1.450000E+00     5.000000E-02    -2.038098E-01
   1.450000E+00     1.000000E-01    -5.636700E-01
   1.450000E+00     1.500000E-01    -9.158807E-01
   1.450000E+00     2.000000E-01    -1.256424E+00
   1.450000E+00     2.500000E-01    -1.580865E+00
   1.450000E+00     3.000000E-01    -1.883374E+00
   1.450000E+00     3.500000E-01    -2.156973E+00
   1.450000E+00     4.000000E-01    -2.393287E+00
   1.450000E+00     4.500000E-01    -2.582576E+00
   1.450000E+00     5.000000E-01    -2.714604E+00
   1.450000E+00     5.500000E-01    -2.780085E+00
   1.450000E+00     6.000000E-01    -2.772463E+00
   1.450000E+00     6.500000E-01    -2.689039E+00
   1.450000E+00     7.000000E-01    -2.531341E+00
   1.450000E+00     7.500000E-01    -2.304493E+00
   1.450000E+00     8.000000E-01    -2.016223E+00
   1.450000E+00     8.500000E-01    -1.675855E+00
   1.450000E+00     9.000000E-01    -1.293558E+00
   1.450000E+00     9.500000E-01    -8.798197E-01
   1.450000E+00     1.000000E+00    -4.451725E-01
   1.450000E+00     1.050000E+00     0.000000E+00
   1.500000E+00     0.000000E+00    -1.905234E-01
   1.500000E+00     5.000000E-02    -4.420540E-01
   1.500000E+00     1.000000E-01    -7.246938E-01
   1.500000E+00     1.500000E-01    -1.007826E+00
   1.500000E+00     2.000000E-01    -1.286133E+00
   1.500000E+00     2.500000E-01    -1.553706E+00
   1.500000E+00     3.000000E-01    -1.803871E+00
   1.500000E+00     3.500000E-01    -2.029423E+00
   1.500000E+00     4.000000E-01    -2.222508E+00
   1.500000E+00     4.500000E-01    -2.374756E+00
   1.500000E+00     5.000000E-01    -2.477779E+00
   1.500000E+00     5.500000E-01    -2.524207E+00
   1.500000E+00     6.000000E-01    -2.508673E+00
   1.500000E+00     6.500000E-01    -2.428686E+00
   1.500000E+00     7.000000E-01    -2.284795E+00
   1.500000E+00     7.500000E-01    -2.080466E+00
   1.500000E+00     8.000000E-01    -1.821506E+00
   1.500000E+00     8.500000E-01    -1.515414E+00
   1.500000E+00     9.000000E-01    -1.170789E+00
   1.500000E+00     9.500000E-01    -7.969165E-01
   1.500000E+00     1.000000E+00    -4.034128E-01
   1.500000E+00     1.050000E+00     0.000000E+00
   1.550000E+00     0.000000E+00    -4.833844E-01
   1.550000E+00     5.000000E-02    -6.674478E-01
   1.550000E+00     1.000000E-01    -8.817993E-01
   1.550000E+00     1.500000E-01    -1.102919E+00
   1.550000E+00     2.000000E-01    -1.324576E+00
   1.550000E+00     2.500000E-01    -1.540167E+00
   1.550000E+00     3.000000E-01    -1.742715E+00
   1.550000E+00     3.500000E-01    -1.925076E+00
   1.550000E+00     4.000000E-01    -2.079895E+00
   1.550000E+00     4.500000E-01    -2.199744E+00
   1.550000E+00     5.000000E-01    -2.277497E+00
   1.550000E+00     5.500000E-01    -2.306985E+00
   1.550000E+00     6.000000E-01    -2.283654E+00
   1.550000E+00     6.500000E-01    -2.205158E+00
   1.550000E+00     7.000000E-01    -2.071506E+00
   1.550000E+00     7.500000E-01    -1.885080E+00
   1.550000E+00     8.000000E-01    -1.650337E+00
   1.550000E+00     8.500000E-01    -1.373360E+00
   1.550000E+00     9.000000E-01    -1.061450E+00
   1.550000E+00     9.500000E-01    -7.227552E-01
   1.550000E+00     1.000000E+00    -3.659560E-01
   1.550000E+00     1.050000E+00     0.000000E+00
   1.600000E+00     0.000000E+00    -7.492074E-01
   1.600000E+00     5.000000E-02    -8.750360E-01
   1.600000E+00     1.000000E-01    -1.030179E+00
   1.600000E+00     1.500000E-01    -1.196754E+00
   1.600000E+00     2.000000E-01    -1.367955E+00
   1.600000E+00     2.500000E-01    -1.536982E+00
   1.600000E+00     3.000000E-01    -1.696903E+00
   1.600000E+00     3.500000E-01    -1.840796E+00
   1.600000E+00     4.000000E-01    -1.961781E+00
   1.600000E+00     4.500000E-01    -2.053154E+00
   1.600000E+00     5.000000E-01    -2.108675E+00
   1.600000E+00     5.500000E-01    -2.122998E+00
   1.600000E+00     6.000000E-01    -2.092132E+00
   1.600000E+00     6.500000E-01    -2.013844E+00
   1.600000E+00     7.000000E-01    -1.887835E+00
   1.600000E+00     7.500000E-01    -1.715752E+00
   1.600000E+00     8.000000E-01    -1.501072E+00
   1.600000E+00     8.500000E-01    -1.248786E+00
   1.600000E+00     9.000000E-01    -9.651100E-01
   1.600000E+00     9.500000E-01    -6.571824E-01
   1.600000E+00     1.000000E+00    -3.327637E-01
   1.600000E+00     1.050000E+00     0.000000E+00
   1.650000E+00     0.000000E+00    -9.851268E-01
   1.650000E+00     5.000000E-02    -1.062060E+00
   1.650000E+00     1.000000E-01    -1.166634E+00
   1.650000E+00     1.500000E-01    -1.285977E+00
   1.650000E+00     2.000000E-01    -1.413073E+00
   1.650000E+00     2.500000E-01    -1.541149E+00
   1.650000E+00     3.000000E-01    -1.663489E+00
   1.650000E+00     3.500000E-01    -1.773504E+00
   1.650000E+00     4.000000E-01    -1.864772E+00
   1.650000E+00     4.500000E-01    -1.931175E+00
   1.650000E+00     5.000000E-01    -1.967129E+00
   1.650000E+00     5.500000E-01    -1.967886E+00
   1.650000E+00     6.000000E-01    -1.929871E+00
   1.650000E+00     6.500000E-01    -1.850957E+00
   1.650000E+00     7.000000E-01    -1.730642E+00
   1.650000E+00     7.500000E-01    -1.570079E+00
   1.650000E+00     8.000000E-01    -1.372011E+00
   1.650000E+00     8.500000E-01    -1.140584E+00
   1.650000E+00     9.000000E-01    -8.811149E-01
   1.650000E+00     9.500000E-01    -5.998461E-01
   1.650000E+00     1.000000E+00    -3.036922E-01
   1.650000E+00     1.050000E+00     0.000000E+00
   1.700000E+00     0.000000E+00    -1.189229E+00
   1.700000E+00     5.000000E-02    -1.226553E+00
   1.700000E+00     1.000000E-01    -1.288863E+00
   1.700000E+00     1.500000E-01    -1.368074E+00
   1.700000E+00     2.000000E-01    -1.457332E+00
   1.700000E+00     2.500000E-01    -1.550047E+00
   1.700000E+00     3.000000E-01    -1.639814E+00
   1.700000E+00     3.500000E-01    -1.720414E+00
   1.700000E+00     4.000000E-01    -1.785865E+00
   1.700000E+00     4.500000E-01    -1.830547E+00
   1.700000E+00     5.000000E-01    -1.849388E+00
   1.700000E+00     5.500000E-01    -1.838103E+00
   1.700000E+00     6.000000E-01    -1.793434E+00
   1.700000E+00     6.500000E-01    -1.713364E+00
   1.700000E+00     7.000000E-01    -1.597260E+00
   1.700000E+00     7.500000E-01    -1.445926E+00
   1.700000E+00     8.000000E-01    -1.261561E+00
   1.700000E+00     8.500000E-01    -1.047643E+00
   1.700000E+00     9.000000E-01    -8.087435E-01
   1.700000E+00     9.500000E-01    -5.503324E-01
   1.700000E+00     1.000000E+00    -2.785522E-01
   1.700000E+00     1.050000E+00     0.000000E+00
   1.750000E+00     0.000000E+00    -1.361430E+00
   1.750000E+00     5.000000E-02    -1.367539E+00
   1.750000E+00     1.000000E-01    -1.395267E+00
   1.750000E+00     1.500000E-01    -1.441121E+00
   1.750000E+00     2.000000E-01    -1.498636E+00
   1.750000E+00     2.500000E-01    -1.561471E+00
   1.750000E+00     3.000000E-01    -1.623568E+00
   1.750000E+00     3.500000E-01    -1.679091E+00
   1.750000E+00     4.000000E-01    -1.722470E+00
   1.750000E+00     4.500000E-01    -1.748517E+00
   1.750000E+00     5.000000E-01    -1.752586E+00
   1.750000E+00     5.500000E-01    -1.730760E+00
   1.750000E+00     6.000000E-01    -1.680038E+00
   1.750000E+00     6.500000E-01    -1.598514E+00
   1.750000E+00     7.000000E-01    -1.485478E+00
   1.750000E+00     7.500000E-01    -1.341480E+00
   1.750000E+00     8.000000E-01    -1.168320E+00
   1.750000E+00     8.500000E-01    -9.689400E-01
   1.750000E+00     9.000000E-01    -7.473030E-01
   1.750000E+00     9.500000E-01    -5.082196E-01
   1.750000E+00     1.000000E+00    -2.571449E-01
   1.750000E+00     1.050000E+00     0.000000E+00
   1.800000E+00     0.000000E+00    -1.504024E+00
   1.800000E+00     5.000000E-02    -1.484569E+00
   1.800000E+00     1.000000E-01    -1.484684E+00
   1.800000E+00     1.500000E-01    -1.503687E+00
   1.800000E+00     2.000000E-01    -1.535337E+00
   1.800000E+00     2.500000E-01    -1.573607E+00
   1.800000E+00     3.000000E-01    -1.612809E+00
   1.800000E+00     3.500000E-01    -1.647481E+00
   1.800000E+00     4.000000E-01    -1.672428E+00
   1.800000E+00     4.500000E-01    -1.682837E+00
   1.800000E+00     5.000000E-01    -1.674419E+00
   1.800000E+00     5.500000E-01    -1.643564E+00
   1.800000E+00     6.000000E-01    -1.587493E+00
   1.800000E+00     6.500000E-01    -1.504401E+00
   1.800000E+00     7.000000E-01    -1.393542E+00
   1.800000E+00     7.500000E-01    -1.255292E+00
   1.800000E+00     8.000000E-01    -1.091143E+00
   1.800000E+00     8.500000E-01    -9.036239E-01
   1.800000E+00     9.000000E-01    -6.962026E-01
   1.800000E+00     9.500000E-01    -4.731371E-01
   1.800000E+00     1.000000E+00    -2.392944E-01
   1.800000E+00     1.050000E+00     0.000000E+00
   1.850000E+00     0.000000E+00    -1.616805E+00
   1.850000E+00     5.000000E-02    -1.577645E+00
   1.850000E+00     1.000000E-01    -1.556604E+00
   1.850000E+00     1.500000E-01    -1.554817E+00
   1.850000E+00     2.000000E-01    -1.566186E+00
   1.850000E+00     2.500000E-01    -1.585015E+00
   1.850000E+00     3.000000E-01    -1.605970E+00
   1.850000E+00     3.500000E-01    -1.623927E+00
   1.850000E+00     4.000000E-01    -1.634017E+00
   1.850000E+00     4.500000E-01    -1.631748E+00
   1.850000E+00     5.000000E-01    -1.613129E+00
   1.850000E+00     5.500000E-01    -1.574804E+00
   1.850000E+00     6.000000E-01    -1.514186E+00
   1.850000E+00     6.500000E-01    -1.429563E+00
   1.850000E+00     7.000000E-01    -1.320187E+00
   1.850000E+00     7.500000E-01    -1.186312E+00
   1.850000E+00     8.000000E-01    -1.029206E+00
   1.850000E+00     8.500000E-01    -8.510836E-01
   1.850000E+00     9.000000E-01    -6.550186E-01
   1.850000E+00     9.500000E-01    -4.448239E-01
   1.850000E+00     1.000000E+00    -2.248762E-01
   1.850000E+00     1.050000E+00     0.000000E+00
   1.900000E+00     0.000000E+00    -1.700111E+00
   1.900000E+00     5.000000E-02    -1.647206E+00
   1.900000E+00     1.000000E-01    -1.610902E+00
   1.900000E+00     1.500000E-01    -1.593896E+00
   1.900000E+00     2.000000E-01    -1.590263E+00
   1.900000E+00     2.500000E-01    -1.594592E+00
   1.900000E+00     3.000000E-01    -1.601847E+00
   1.900000E+00     3.500000E-01    -1.607173E+00
   1.900000E+00     4.000000E-01    -1.605967E+00
   1.900000E+00     4.500000E-01    -1.593996E+00
   1.900000E+00     5.000000E-01    -1.567507E+00
   1.900000E+00     5.500000E-01    -1.523351E+00
   1.900000E+00     6.000000E-01    -1.459094E+00
   1.900000E+00     6.500000E-01    -1.373114E+00
   1.900000E+00     7.000000E-01    -1.264676E+00
   1.900000E+00     7.500000E-01    -1.133963E+00
   1.900000E+00     8.000000E-01    -9.820811E-01
   1.900000E+00     8.500000E-01    -8.110198E-01
   1.900000E+00     9.000000E-01    -6.235614E-01
   1.900000E+00     9.500000E-01    -4.231708E-01
   1.900000E+00     1.000000E+00    -2.138436E-01
   1.900000E+00     1.050000E+00     0.000000E+00
   1.950000E+00     0.000000E+00    -1.752727E+00
   1.950000E+00     5.000000E-02    -1.693469E+00
   1.950000E+00     1.000000E-01    -1.647688E+00
   1.950000E+00     1.500000E-01    -1.620519E+00
   1.950000E+00     2.000000E-01    -1.606895E+00
   1.950000E+00     2.500000E-01    -1.601527E+00
   1.950000E+00     3.000000E-01    -1.599571E+00
   1.950000E+00     3.500000E-01    -1.596357E+00
   1.950000E+00     4.000000E-01    -1.587467E+00
   1.950000E+00     4.500000E-01    -1.568850E+00
   1.950000E+00     5.000000E-01    -1.536923E+00
   1.950000E+00     5.500000E-01    -1.488688E+00
   1.950000E+00     6.000000E-01    -1.421826E+00
   1.950000E+00     6.500000E-01    -1.334794E+00
   1.950000E+00     7.000000E-01    -1.226874E+00
   1.950000E+00     7.500000E-01    -1.098213E+00
   1.950000E+00     8.000000E-01    -9.498222E-01
   1.950000E+00     8.500000E-01    -7.835386E-01
   1.950000E+00     9.000000E-01    -6.019474E-01
   1.950000E+00     9.500000E-01    -4.082765E-01
   1.950000E+00     1.000000E+00    -2.062570E-01
   1.950000E+00     1.050000E+00     0.000000E+00
   2.000000E+00     0.000000E+00    -1.786542E+00
   2.000000E+00     5.000000E-02    -1.718870E+00
   2.000000E+00     1.000000E-01    -1.666795E+00
   2.000000E+00     1.500000E-01    -1.634368E+00
   2.000000E+00     2.000000E-01    -1.615576E+00
   2.000000E+00     2.500000E-01    -1.605244E+00
   2.000000E+00     3.000000E-01    -1.598593E+00
   2.000000E+00     3.500000E-01    -1.591019E+00
   2.000000E+00     4.000000E-01    -1.578185E+00
   2.000000E+00     4.500000E-01    -1.556133E+00
   2.000000E+00     5.000000E-01    -1.521368E+00
   2.000000E+00     5.500000E-01    -1.470977E+00
   2.000000E+00     6.000000E-01    -1.402712E+00
   2.000000E+00     6.500000E-01    -1.315070E+00
   2.000000E+00     7.000000E-01    -1.207357E+00
   2.000000E+00     7.500000E-01    -1.079706E+00
   2.000000E+00     8.000000E-01    -9.330840E-01
   2.000000E+00     8.500000E-01    -7.692524E-01
   2.000000E+00     9.000000E-01    -5.906915E-01
   2.000000E+00     9.500000E-01    -4.005070E-01
   2.000000E+00     1.000000E+00    -2.022953E-01
   2.000000E+00     1.050000E+00     0.000000E+00
   2.050000E+00     0.000000E+00    -1.786542E+00
   2.050000E+00     5.000000E-02    -1.718870E+00
   2.050000E+00     1.000000E-01    -1.666795E+00
   2.050000E+00     1.500000E-01    -1.634368E+00
   2.050000E+00     2.000000E-01    -1.615576E+00
   2.050000E+00     2.500000E-01    -1.605244E+00
   2.050000E+00     3.000000E-01    -1.598593E+00
   2.050000E+00     3.500000E-01    -1.591019E+00
   2.050000E+00     4.000000E-01    -1.578185E+00
   2.050000E+00     4.500000E-01    -1.556133E+00
   2.050000E+00     5.000000E-01    -1.521368E+00
   2.050000E+00     5.500000E-01    -1.470977E+00
   2.050000E+00     6.000000E-01    -1.402712E+00
   2.050000E+00     6.500000E-01    -1.315070E+00
   2.050000E+00     7.000000E-01    -1.207357E+00
   2.050000E+00     7.500000E-01    -1.079706E+00
   2.050000E+00     8.000000E-01    -9.330840E-01
   2.050000E+00     8.500000E-01    -7.692524E-01
   2.050000E+00     9.000000E-01    -5.906915E-01
   2.050000E+00     9.500000E-01    -4.005070E-01
   2.050000E+00     1.000000E+00    -2.022953E-01
   2.050000E+00     1.050000E+00     0.000000E+00
