           1   0.0000000000000000        0.0000000000000000        0.0000000000000000     
           2  0.10000000000000001        0.0000000000000000        0.0000000000000000     
           3  0.20000000000000001        0.0000000000000000        0.0000000000000000     
           4  0.29999999999999999        0.0000000000000000        0.0000000000000000     
           5  0.40000000000000002        0.0000000000000000        0.0000000000000000     
           6  0.50000000000000000        0.0000000000000000        0.0000000000000000     
           7  0.59999999999999998        0.0000000000000000        0.0000000000000000     
           8  0.69999999999999996        0.0000000000000000        0.0000000000000000     
           9  0.80000000000000004        0.0000000000000000        0.0000000000000000     
          10  0.90000000000000002        0.0000000000000000        0.0000000000000000     
          11   1.0000000000000000        0.0000000000000000        0.0000000000000000     
          12   1.1000000000000001        0.0000000000000000        0.0000000000000000     
          13   1.2000000000000000        0.0000000000000000        0.0000000000000000     
          14   1.3000000000000000        0.0000000000000000        0.0000000000000000     
          15   1.3999999999999999        0.0000000000000000        0.0000000000000000     
          16   1.5000000000000000        0.0000000000000000        0.0000000000000000     
          17   1.6000000000000001        0.0000000000000000        0.0000000000000000     
          18   1.7000000000000000        0.0000000000000000        0.0000000000000000     
          19   1.8000000000000000        0.0000000000000000        0.0000000000000000     
          20   1.8999999999999999        0.0000000000000000        0.0000000000000000     
          21   2.0000000000000000        0.0000000000000000        0.0000000000000000     
          22   2.1000000000000001        0.0000000000000000        0.0000000000000000     
          23   2.2000000000000002        0.0000000000000000        0.0000000000000000     
          24   2.2999999999999998        0.0000000000000000        0.0000000000000000     
          25   2.3999999999999999        0.0000000000000000        0.0000000000000000     
          26   2.5000000000000000        0.0000000000000000        0.0000000000000000     
          27   2.6000000000000001        0.0000000000000000        0.0000000000000000     
          28   2.7000000000000002        0.0000000000000000        0.0000000000000000     
          29   2.7999999999999998        0.0000000000000000        0.0000000000000000     
          30   2.8999999999999999        0.0000000000000000        0.0000000000000000     
          31   3.0000000000000000        0.0000000000000000        0.0000000000000000     
          32   3.1000000000000001        0.0000000000000000        0.0000000000000000     
          33   3.2000000000000002        0.0000000000000000        0.0000000000000000     
          34   3.2999999999999998        0.0000000000000000        0.0000000000000000     
          35   3.3999999999999999        0.0000000000000000        0.0000000000000000     
          36   3.5000000000000000        0.0000000000000000        0.0000000000000000     
          37   3.6000000000000001        0.0000000000000000        0.0000000000000000     
          38   3.7000000000000002        0.0000000000000000        0.0000000000000000     
          39   3.7999999999999998        0.0000000000000000        0.0000000000000000     
          40   3.8999999999999999        0.0000000000000000        0.0000000000000000     
          41   4.0000000000000000        0.0000000000000000        0.0000000000000000     
          42   4.0999999999999996        0.0000000000000000        0.0000000000000000     
          43   4.2000000000000002        0.0000000000000000        0.0000000000000000     
          44   4.2999999999999998        0.0000000000000000        0.0000000000000000     
          45   4.4000000000000004        0.0000000000000000        0.0000000000000000     
          46   4.5000000000000000        0.0000000000000000        0.0000000000000000     
          47   4.5999999999999996        0.0000000000000000        0.0000000000000000     
          48   4.7000000000000002        0.0000000000000000        0.0000000000000000     
          49   4.7999999999999998        0.0000000000000000        0.0000000000000000     
          50   4.9000000000000004        0.0000000000000000        0.0000000000000000     
          51   5.0000000000000000        0.0000000000000000        0.0000000000000000     
          52   0.0000000000000000        5.0000000000000003E-002   5.0000000000000003E-002
          53  0.10000000000000001        5.0000000000000003E-002   5.0000000000000003E-002
          54  0.20000000000000001        5.0000000000000003E-002   5.0000000000000010E-002
          55  0.29999999999999999        5.0000000000000003E-002   5.0000000000000010E-002
          56  0.40000000000000002        5.0000000000000003E-002   5.0000000000000003E-002
          57  0.50000000000000000        5.0000000000000003E-002   5.0000000000000003E-002
          58  0.59999999999999998        5.0000000000000003E-002   5.0000000000000010E-002
          59  0.69999999999999996        5.0000000000000003E-002   5.0000000000000010E-002
          60  0.80000000000000004        5.0000000000000003E-002   5.0000000000000010E-002
          61  0.90000000000000002        5.0000000000000003E-002   5.0000000000000003E-002
          62   1.0000000000000000        5.0000000000000003E-002   4.9999999999999968E-002
          63   1.1000000000000001        5.0000000000000003E-002   4.9999999999999989E-002
          64   1.2000000000000000        5.0000000000000003E-002   4.9999999999999989E-002
          65   1.3000000000000000        5.0000000000000003E-002   4.9999999999999982E-002
          66   1.3999999999999999        5.0000000000000003E-002   5.0000000000000003E-002
          67   1.5000000000000000        5.0000000000000003E-002   5.0000000000000010E-002
          68   1.6000000000000001        5.0000000000000003E-002   4.9999999999999982E-002
          69   1.7000000000000000        5.0000000000000003E-002   4.9999999999999989E-002
          70   1.8000000000000000        5.0000000000000003E-002   4.9999999999999961E-002
          71   1.8999999999999999        5.0000000000000003E-002   4.9999999999999968E-002
          72   2.0000000000000000        5.0000000000000003E-002   4.9999999999999996E-002
          73   2.1000000000000001        5.0000000000000003E-002   4.9999999999999989E-002
          74   2.2000000000000002        5.0000000000000003E-002   4.9999999999999989E-002
          75   2.2999999999999998        5.0000000000000003E-002   5.0000000000000003E-002
          76   2.3999999999999999        5.0000000000000003E-002   4.9999999999999989E-002
          77   2.5000000000000000        5.0000000000000003E-002   4.9999999999999996E-002
          78   2.6000000000000001        5.0000000000000003E-002   4.9999999999999996E-002
          79   2.7000000000000002        5.0000000000000003E-002   4.9999999999999975E-002
          80   2.7999999999999998        5.0000000000000003E-002   5.0000000000000017E-002
          81   2.8999999999999999        5.0000000000000003E-002   5.0000000000000058E-002
          82   3.0000000000000000        5.0000000000000003E-002   5.0000000000000058E-002
          83   3.1000000000000001        5.0000000000000003E-002   5.0000000000000017E-002
          84   3.2000000000000002        5.0000000000000003E-002   5.0000000000000003E-002
          85   3.2999999999999998        5.0000000000000003E-002   5.0000000000000010E-002
          86   3.3999999999999999        5.0000000000000003E-002   5.0000000000000031E-002
          87   3.5000000000000000        5.0000000000000003E-002   5.0000000000000010E-002
          88   3.6000000000000001        5.0000000000000003E-002   5.0000000000000017E-002
          89   3.7000000000000002        5.0000000000000003E-002   5.0000000000000003E-002
          90   3.7999999999999998        5.0000000000000003E-002   4.9999999999999989E-002
          91   3.8999999999999999        5.0000000000000003E-002   4.9999999999999996E-002
          92   4.0000000000000000        5.0000000000000003E-002   4.9999999999999989E-002
          93   4.0999999999999996        5.0000000000000003E-002   5.0000000000000010E-002
          94   4.2000000000000002        5.0000000000000003E-002   5.0000000000000010E-002
          95   4.2999999999999998        5.0000000000000003E-002   5.0000000000000031E-002
          96   4.4000000000000004        5.0000000000000003E-002   5.0000000000000010E-002
          97   4.5000000000000000        5.0000000000000003E-002   5.0000000000000003E-002
          98   4.5999999999999996        5.0000000000000003E-002   4.9999999999999989E-002
          99   4.7000000000000002        5.0000000000000003E-002   4.9999999999999989E-002
         100   4.7999999999999998        5.0000000000000003E-002   4.9999999999999996E-002
         101   4.9000000000000004        5.0000000000000003E-002   4.9999999999999989E-002
         102   5.0000000000000000        5.0000000000000003E-002   4.9999999999999968E-002
         103   0.0000000000000000       0.10000000000000001       0.10000000000000001     
         104  0.10000000000000001       0.10000000000000001       0.10000000000000001     
         105  0.20000000000000001       0.10000000000000001       0.10000000000000002     
         106  0.29999999999999999       0.10000000000000001       0.10000000000000001     
         107  0.40000000000000002       0.10000000000000001       0.10000000000000002     
         108  0.50000000000000000       0.10000000000000001       0.10000000000000001     
         109  0.59999999999999998       0.10000000000000001       0.10000000000000002     
         110  0.69999999999999996       0.10000000000000001       0.10000000000000001     
         111  0.80000000000000004       0.10000000000000001       0.10000000000000002     
         112  0.90000000000000002       0.10000000000000001        9.9999999999999992E-002
         113   1.0000000000000000       0.10000000000000001        9.9999999999999936E-002
         114   1.1000000000000001       0.10000000000000001        9.9999999999999978E-002
         115   1.2000000000000000       0.10000000000000001        9.9999999999999978E-002
         116   1.3000000000000000       0.10000000000000001        9.9999999999999964E-002
         117   1.3999999999999999       0.10000000000000001       0.10000000000000001     
         118   1.5000000000000000       0.10000000000000001       0.10000000000000003     
         119   1.6000000000000001       0.10000000000000001        9.9999999999999978E-002
         120   1.7000000000000000       0.10000000000000001        9.9999999999999978E-002
         121   1.8000000000000000       0.10000000000000001        9.9999999999999950E-002
         122   1.8999999999999999       0.10000000000000001        9.9999999999999950E-002
         123   2.0000000000000000       0.10000000000000001       0.10000000000000001     
         124   2.1000000000000001       0.10000000000000001        9.9999999999999992E-002
         125   2.2000000000000002       0.10000000000000001        9.9999999999999978E-002
         126   2.2999999999999998       0.10000000000000001       0.10000000000000001     
         127   2.3999999999999999       0.10000000000000001        9.9999999999999992E-002
         128   2.5000000000000000       0.10000000000000001       0.10000000000000001     
         129   2.6000000000000001       0.10000000000000001        9.9999999999999992E-002
         130   2.7000000000000002       0.10000000000000001        9.9999999999999978E-002
         131   2.7999999999999998       0.10000000000000001       0.10000000000000003     
         132   2.8999999999999999       0.10000000000000001       0.10000000000000013     
         133   3.0000000000000000       0.10000000000000001       0.10000000000000013     
         134   3.1000000000000001       0.10000000000000001       0.10000000000000003     
         135   3.2000000000000002       0.10000000000000001       0.10000000000000002     
         136   3.2999999999999998       0.10000000000000001       0.10000000000000003     
         137   3.3999999999999999       0.10000000000000001       0.10000000000000007     
         138   3.5000000000000000       0.10000000000000001       0.10000000000000003     
         139   3.6000000000000001       0.10000000000000001       0.10000000000000003     
         140   3.7000000000000002       0.10000000000000001       0.10000000000000002     
         141   3.7999999999999998       0.10000000000000001        9.9999999999999978E-002
         142   3.8999999999999999       0.10000000000000001       0.10000000000000001     
         143   4.0000000000000000       0.10000000000000001       0.10000000000000001     
         144   4.0999999999999996       0.10000000000000001       0.10000000000000003     
         145   4.2000000000000002       0.10000000000000001       0.10000000000000003     
         146   4.2999999999999998       0.10000000000000001       0.10000000000000006     
         147   4.4000000000000004       0.10000000000000001       0.10000000000000003     
         148   4.5000000000000000       0.10000000000000001       0.10000000000000002     
         149   4.5999999999999996       0.10000000000000001        9.9999999999999992E-002
         150   4.7000000000000002       0.10000000000000001        9.9999999999999992E-002
         151   4.7999999999999998       0.10000000000000001       0.10000000000000001     
         152   4.9000000000000004       0.10000000000000001        9.9999999999999992E-002
         153   5.0000000000000000       0.10000000000000001        9.9999999999999922E-002
         154   0.0000000000000000       0.14999999999999999       0.14999999999999999     
         155  0.10000000000000001       0.14999999999999999       0.14999999999999994     
         156  0.20000000000000001       0.14999999999999999       0.14999999999999999     
         157  0.29999999999999999       0.14999999999999999       0.14999999999999999     
         158  0.40000000000000002       0.14999999999999999       0.15000000000000002     
         159  0.50000000000000000       0.14999999999999999       0.14999999999999997     
         160  0.59999999999999998       0.14999999999999999       0.14999999999999999     
         161  0.69999999999999996       0.14999999999999999       0.14999999999999997     
         162  0.80000000000000004       0.14999999999999999       0.14999999999999997     
         163  0.90000000000000002       0.14999999999999999       0.14999999999999997     
         164   1.0000000000000000       0.14999999999999999       0.14999999999999991     
         165   1.1000000000000001       0.14999999999999999       0.14999999999999994     
         166   1.2000000000000000       0.14999999999999999       0.14999999999999994     
         167   1.3000000000000000       0.14999999999999999       0.14999999999999994     
         168   1.3999999999999999       0.14999999999999999       0.14999999999999997     
         169   1.5000000000000000       0.14999999999999999       0.14999999999999997     
         170   1.6000000000000001       0.14999999999999999       0.14999999999999994     
         171   1.7000000000000000       0.14999999999999999       0.14999999999999994     
         172   1.8000000000000000       0.14999999999999999       0.14999999999999991     
         173   1.8999999999999999       0.14999999999999999       0.14999999999999994     
         174   2.0000000000000000       0.14999999999999999       0.15000000000000002     
         175   2.1000000000000001       0.14999999999999999       0.15000000000000002     
         176   2.2000000000000002       0.14999999999999999       0.14999999999999999     
         177   2.2999999999999998       0.14999999999999999       0.14999999999999999     
         178   2.3999999999999999       0.14999999999999999       0.15000000000000002     
         179   2.5000000000000000       0.14999999999999999       0.15000000000000002     
         180   2.6000000000000001       0.14999999999999999       0.15000000000000002     
         181   2.7000000000000002       0.14999999999999999       0.14999999999999999     
         182   2.7999999999999998       0.14999999999999999       0.15000000000000002     
         183   2.8999999999999999       0.14999999999999999       0.15000000000000008     
         184   3.0000000000000000       0.14999999999999999       0.15000000000000008     
         185   3.1000000000000001       0.14999999999999999       0.15000000000000005     
         186   3.2000000000000002       0.14999999999999999       0.14999999999999999     
         187   3.2999999999999998       0.14999999999999999       0.15000000000000002     
         188   3.3999999999999999       0.14999999999999999       0.15000000000000013     
         189   3.5000000000000000       0.14999999999999999       0.15000000000000008     
         190   3.6000000000000001       0.14999999999999999       0.15000000000000008     
         191   3.7000000000000002       0.14999999999999999       0.15000000000000002     
         192   3.7999999999999998       0.14999999999999999       0.14999999999999999     
         193   3.8999999999999999       0.14999999999999999       0.15000000000000002     
         194   4.0000000000000000       0.14999999999999999       0.15000000000000002     
         195   4.0999999999999996       0.14999999999999999       0.15000000000000005     
         196   4.2000000000000002       0.14999999999999999       0.15000000000000008     
         197   4.2999999999999998       0.14999999999999999       0.15000000000000013     
         198   4.4000000000000004       0.14999999999999999       0.15000000000000008     
         199   4.5000000000000000       0.14999999999999999       0.15000000000000005     
         200   4.5999999999999996       0.14999999999999999       0.15000000000000002     
         201   4.7000000000000002       0.14999999999999999       0.15000000000000002     
         202   4.7999999999999998       0.14999999999999999       0.14999999999999999     
         203   4.9000000000000004       0.14999999999999999       0.14999999999999997     
         204   5.0000000000000000       0.14999999999999999       0.14999999999999988     
         205   0.0000000000000000       0.20000000000000001       0.20000000000000001     
         206  0.10000000000000001       0.20000000000000001       0.19999999999999996     
         207  0.20000000000000001       0.20000000000000001       0.20000000000000004     
         208  0.29999999999999999       0.20000000000000001       0.20000000000000001     
         209  0.40000000000000002       0.20000000000000001       0.20000000000000001     
         210  0.50000000000000000       0.20000000000000001       0.19999999999999996     
         211  0.59999999999999998       0.20000000000000001       0.19999999999999996     
         212  0.69999999999999996       0.20000000000000001       0.19999999999999996     
         213  0.80000000000000004       0.20000000000000001       0.20000000000000001     
         214  0.90000000000000002       0.20000000000000001       0.19999999999999996     
         215   1.0000000000000000       0.20000000000000001       0.19999999999999987     
         216   1.1000000000000001       0.20000000000000001       0.19999999999999996     
         217   1.2000000000000000       0.20000000000000001       0.19999999999999998     
         218   1.3000000000000000       0.20000000000000001       0.19999999999999996     
         219   1.3999999999999999       0.20000000000000001       0.19999999999999996     
         220   1.5000000000000000       0.20000000000000001       0.19999999999999998     
         221   1.6000000000000001       0.20000000000000001       0.19999999999999996     
         222   1.7000000000000000       0.20000000000000001       0.19999999999999998     
         223   1.8000000000000000       0.20000000000000001       0.19999999999999998     
         224   1.8999999999999999       0.20000000000000001       0.19999999999999987     
         225   2.0000000000000000       0.20000000000000001       0.20000000000000007     
         226   2.1000000000000001       0.20000000000000001       0.20000000000000007     
         227   2.2000000000000002       0.20000000000000001       0.20000000000000007     
         228   2.2999999999999998       0.20000000000000001       0.20000000000000009     
         229   2.3999999999999999       0.20000000000000001       0.20000000000000012     
         230   2.5000000000000000       0.20000000000000001       0.20000000000000012     
         231   2.6000000000000001       0.20000000000000001       0.20000000000000007     
         232   2.7000000000000002       0.20000000000000001       0.19999999999999998     
         233   2.7999999999999998       0.20000000000000001       0.19999999999999998     
         234   2.8999999999999999       0.20000000000000001       0.20000000000000007     
         235   3.0000000000000000       0.20000000000000001       0.20000000000000004     
         236   3.1000000000000001       0.20000000000000001       0.20000000000000007     
         237   3.2000000000000002       0.20000000000000001       0.19999999999999998     
         238   3.2999999999999998       0.20000000000000001       0.20000000000000007     
         239   3.3999999999999999       0.20000000000000001       0.20000000000000021     
         240   3.5000000000000000       0.20000000000000001       0.20000000000000026     
         241   3.6000000000000001       0.20000000000000001       0.20000000000000026     
         242   3.7000000000000002       0.20000000000000001       0.20000000000000007     
         243   3.7999999999999998       0.20000000000000001       0.20000000000000004     
         244   3.8999999999999999       0.20000000000000001       0.20000000000000007     
         245   4.0000000000000000       0.20000000000000001       0.20000000000000007     
         246   4.0999999999999996       0.20000000000000001       0.20000000000000007     
         247   4.2000000000000002       0.20000000000000001       0.20000000000000012     
         248   4.2999999999999998       0.20000000000000001       0.20000000000000026     
         249   4.4000000000000004       0.20000000000000001       0.20000000000000026     
         250   4.5000000000000000       0.20000000000000001       0.20000000000000021     
         251   4.5999999999999996       0.20000000000000001       0.20000000000000007     
         252   4.7000000000000002       0.20000000000000001       0.20000000000000007     
         253   4.7999999999999998       0.20000000000000001       0.20000000000000007     
         254   4.9000000000000004       0.20000000000000001       0.20000000000000009     
         255   5.0000000000000000       0.20000000000000001       0.20000000000000012     
         256   0.0000000000000000       0.25000000000000000       0.25000000000000000     
         257  0.10000000000000001       0.25000000000000000       0.25000000000000006     
         258  0.20000000000000001       0.25000000000000000       0.25000000000000011     
         259  0.29999999999999999       0.25000000000000000       0.24999999999999994     
         260  0.40000000000000002       0.25000000000000000       0.24999999999999994     
         261  0.50000000000000000       0.25000000000000000       0.24999999999999994     
         262  0.59999999999999998       0.25000000000000000       0.24999999999999994     
         263  0.69999999999999996       0.25000000000000000       0.24999999999999994     
         264  0.80000000000000004       0.25000000000000000       0.25000000000000006     
         265  0.90000000000000002       0.25000000000000000       0.25000000000000000     
         266   1.0000000000000000       0.25000000000000000       0.24999999999999992     
         267   1.1000000000000001       0.25000000000000000       0.24999999999999994     
         268   1.2000000000000000       0.25000000000000000       0.25000000000000000     
         269   1.3000000000000000       0.25000000000000000       0.24999999999999992     
         270   1.3999999999999999       0.25000000000000000       0.24999999999999992     
         271   1.5000000000000000       0.25000000000000000       0.25000000000000000     
         272   1.6000000000000001       0.25000000000000000       0.24999999999999994     
         273   1.7000000000000000       0.25000000000000000       0.24999999999999994     
         274   1.8000000000000000       0.25000000000000000       0.25000000000000000     
         275   1.8999999999999999       0.25000000000000000       0.24999999999999992     
         276   2.0000000000000000       0.25000000000000000       0.25000000000000011     
         277   2.1000000000000001       0.25000000000000000       0.25000000000000017     
         278   2.2000000000000002       0.25000000000000000       0.25000000000000011     
         279   2.2999999999999998       0.25000000000000000       0.25000000000000011     
         280   2.3999999999999999       0.25000000000000000       0.25000000000000011     
         281   2.5000000000000000       0.25000000000000000       0.25000000000000011     
         282   2.6000000000000001       0.25000000000000000       0.25000000000000011     
         283   2.7000000000000002       0.25000000000000000       0.25000000000000000     
         284   2.7999999999999998       0.25000000000000000       0.25000000000000000     
         285   2.8999999999999999       0.25000000000000000       0.25000000000000011     
         286   3.0000000000000000       0.25000000000000000       0.25000000000000011     
         287   3.1000000000000001       0.25000000000000000       0.25000000000000011     
         288   3.2000000000000002       0.25000000000000000       0.25000000000000000     
         289   3.2999999999999998       0.25000000000000000       0.25000000000000011     
         290   3.3999999999999999       0.25000000000000000       0.25000000000000028     
         291   3.5000000000000000       0.25000000000000000       0.25000000000000033     
         292   3.6000000000000001       0.25000000000000000       0.25000000000000028     
         293   3.7000000000000002       0.25000000000000000       0.25000000000000011     
         294   3.7999999999999998       0.25000000000000000       0.25000000000000011     
         295   3.8999999999999999       0.25000000000000000       0.25000000000000017     
         296   4.0000000000000000       0.25000000000000000       0.25000000000000011     
         297   4.0999999999999996       0.25000000000000000       0.25000000000000017     
         298   4.2000000000000002       0.25000000000000000       0.25000000000000028     
         299   4.2999999999999998       0.25000000000000000       0.25000000000000033     
         300   4.4000000000000004       0.25000000000000000       0.25000000000000033     
         301   4.5000000000000000       0.25000000000000000       0.25000000000000028     
         302   4.5999999999999996       0.25000000000000000       0.25000000000000017     
         303   4.7000000000000002       0.25000000000000000       0.25000000000000011     
         304   4.7999999999999998       0.25000000000000000       0.25000000000000011     
         305   4.9000000000000004       0.25000000000000000       0.25000000000000006     
         306   5.0000000000000000       0.25000000000000000       0.25000000000000011     
         307   0.0000000000000000       0.29999999999999999       0.29999999999999999     
         308  0.10000000000000001       0.29999999999999999       0.30000000000000004     
         309  0.20000000000000001       0.29999999999999999       0.30000000000000010     
         310  0.29999999999999999       0.29999999999999999       0.29999999999999988     
         311  0.40000000000000002       0.29999999999999999       0.29999999999999993     
         312  0.50000000000000000       0.29999999999999999       0.29999999999999993     
         313  0.59999999999999998       0.29999999999999999       0.29999999999999993     
         314  0.69999999999999996       0.29999999999999999       0.29999999999999993     
         315  0.80000000000000004       0.29999999999999999       0.30000000000000010     
         316  0.90000000000000002       0.29999999999999999       0.29999999999999999     
         317   1.0000000000000000       0.29999999999999999       0.29999999999999999     
         318   1.1000000000000001       0.29999999999999999       0.29999999999999999     
         319   1.2000000000000000       0.29999999999999999       0.29999999999999999     
         320   1.3000000000000000       0.29999999999999999       0.29999999999999993     
         321   1.3999999999999999       0.29999999999999999       0.29999999999999993     
         322   1.5000000000000000       0.29999999999999999       0.30000000000000004     
         323   1.6000000000000001       0.29999999999999999       0.29999999999999999     
         324   1.7000000000000000       0.29999999999999999       0.29999999999999993     
         325   1.8000000000000000       0.29999999999999999       0.29999999999999999     
         326   1.8999999999999999       0.29999999999999999       0.29999999999999993     
         327   2.0000000000000000       0.29999999999999999       0.30000000000000016     
         328   2.1000000000000001       0.29999999999999999       0.30000000000000027     
         329   2.2000000000000002       0.29999999999999999       0.30000000000000010     
         330   2.2999999999999998       0.29999999999999999       0.30000000000000004     
         331   2.3999999999999999       0.29999999999999999       0.30000000000000004     
         332   2.5000000000000000       0.29999999999999999       0.30000000000000010     
         333   2.6000000000000001       0.29999999999999999       0.30000000000000016     
         334   2.7000000000000002       0.29999999999999999       0.30000000000000004     
         335   2.7999999999999998       0.29999999999999999       0.30000000000000004     
         336   2.8999999999999999       0.29999999999999999       0.30000000000000016     
         337   3.0000000000000000       0.29999999999999999       0.30000000000000016     
         338   3.1000000000000001       0.29999999999999999       0.30000000000000010     
         339   3.2000000000000002       0.29999999999999999       0.30000000000000004     
         340   3.2999999999999998       0.29999999999999999       0.30000000000000010     
         341   3.3999999999999999       0.29999999999999999       0.30000000000000032     
         342   3.5000000000000000       0.29999999999999999       0.30000000000000038     
         343   3.6000000000000001       0.29999999999999999       0.30000000000000032     
         344   3.7000000000000002       0.29999999999999999       0.30000000000000016     
         345   3.7999999999999998       0.29999999999999999       0.30000000000000016     
         346   3.8999999999999999       0.29999999999999999       0.30000000000000027     
         347   4.0000000000000000       0.29999999999999999       0.30000000000000021     
         348   4.0999999999999996       0.29999999999999999       0.30000000000000027     
         349   4.2000000000000002       0.29999999999999999       0.30000000000000038     
         350   4.2999999999999998       0.29999999999999999       0.30000000000000043     
         351   4.4000000000000004       0.29999999999999999       0.30000000000000049     
         352   4.5000000000000000       0.29999999999999999       0.30000000000000038     
         353   4.5999999999999996       0.29999999999999999       0.30000000000000027     
         354   4.7000000000000002       0.29999999999999999       0.30000000000000027     
         355   4.7999999999999998       0.29999999999999999       0.30000000000000021     
         356   4.9000000000000004       0.29999999999999999       0.30000000000000010     
         357   5.0000000000000000       0.29999999999999999       0.30000000000000016     
         358   0.0000000000000000       0.34999999999999998       0.34999999999999998     
         359  0.10000000000000001       0.34999999999999998       0.35000000000000009     
         360  0.20000000000000001       0.34999999999999998       0.35000000000000003     
         361  0.29999999999999999       0.34999999999999998       0.34999999999999981     
         362  0.40000000000000002       0.34999999999999998       0.34999999999999981     
         363  0.50000000000000000       0.34999999999999998       0.34999999999999987     
         364  0.59999999999999998       0.34999999999999998       0.34999999999999987     
         365  0.69999999999999996       0.34999999999999998       0.34999999999999992     
         366  0.80000000000000004       0.34999999999999998       0.35000000000000009     
         367  0.90000000000000002       0.34999999999999998       0.34999999999999992     
         368   1.0000000000000000       0.34999999999999998       0.35000000000000003     
         369   1.1000000000000001       0.34999999999999998       0.35000000000000003     
         370   1.2000000000000000       0.34999999999999998       0.34999999999999998     
         371   1.3000000000000000       0.34999999999999998       0.34999999999999992     
         372   1.3999999999999999       0.34999999999999998       0.34999999999999992     
         373   1.5000000000000000       0.34999999999999998       0.35000000000000009     
         374   1.6000000000000001       0.34999999999999998       0.35000000000000003     
         375   1.7000000000000000       0.34999999999999998       0.34999999999999992     
         376   1.8000000000000000       0.34999999999999998       0.35000000000000003     
         377   1.8999999999999999       0.34999999999999998       0.34999999999999992     
         378   2.0000000000000000       0.34999999999999998       0.35000000000000014     
         379   2.1000000000000001       0.34999999999999998       0.35000000000000026     
         380   2.2000000000000002       0.34999999999999998       0.35000000000000003     
         381   2.2999999999999998       0.34999999999999998       0.34999999999999987     
         382   2.3999999999999999       0.34999999999999998       0.34999999999999998     
         383   2.5000000000000000       0.34999999999999998       0.35000000000000003     
         384   2.6000000000000001       0.34999999999999998       0.35000000000000014     
         385   2.7000000000000002       0.34999999999999998       0.35000000000000003     
         386   2.7999999999999998       0.34999999999999998       0.34999999999999998     
         387   2.8999999999999999       0.34999999999999998       0.35000000000000009     
         388   3.0000000000000000       0.34999999999999998       0.35000000000000014     
         389   3.1000000000000001       0.34999999999999998       0.35000000000000003     
         390   3.2000000000000002       0.34999999999999998       0.35000000000000003     
         391   3.2999999999999998       0.34999999999999998       0.35000000000000009     
         392   3.3999999999999999       0.34999999999999998       0.35000000000000037     
         393   3.5000000000000000       0.34999999999999998       0.35000000000000042     
         394   3.6000000000000001       0.34999999999999998       0.35000000000000037     
         395   3.7000000000000002       0.34999999999999998       0.35000000000000014     
         396   3.7999999999999998       0.34999999999999998       0.35000000000000014     
         397   3.8999999999999999       0.34999999999999998       0.35000000000000026     
         398   4.0000000000000000       0.34999999999999998       0.35000000000000020     
         399   4.0999999999999996       0.34999999999999998       0.35000000000000037     
         400   4.2000000000000002       0.34999999999999998       0.35000000000000042     
         401   4.2999999999999998       0.34999999999999998       0.35000000000000048     
         402   4.4000000000000004       0.34999999999999998       0.35000000000000053     
         403   4.5000000000000000       0.34999999999999998       0.35000000000000037     
         404   4.5999999999999996       0.34999999999999998       0.35000000000000031     
         405   4.7000000000000002       0.34999999999999998       0.35000000000000031     
         406   4.7999999999999998       0.34999999999999998       0.35000000000000020     
         407   4.9000000000000004       0.34999999999999998       0.35000000000000009     
         408   5.0000000000000000       0.34999999999999998       0.35000000000000020     
         409   0.0000000000000000       0.40000000000000002       0.40000000000000002     
         410  0.10000000000000001       0.40000000000000002       0.40000000000000008     
         411  0.20000000000000001       0.40000000000000002       0.40000000000000013     
         412  0.29999999999999999       0.40000000000000002       0.39999999999999991     
         413  0.40000000000000002       0.40000000000000002       0.39999999999999991     
         414  0.50000000000000000       0.40000000000000002       0.39999999999999997     
         415  0.59999999999999998       0.40000000000000002       0.39999999999999997     
         416  0.69999999999999996       0.40000000000000002       0.40000000000000008     
         417  0.80000000000000004       0.40000000000000002       0.40000000000000019     
         418  0.90000000000000002       0.40000000000000002       0.39999999999999997     
         419   1.0000000000000000       0.40000000000000002       0.40000000000000002     
         420   1.1000000000000001       0.40000000000000002       0.40000000000000002     
         421   1.2000000000000000       0.40000000000000002       0.40000000000000002     
         422   1.3000000000000000       0.40000000000000002       0.40000000000000002     
         423   1.3999999999999999       0.40000000000000002       0.40000000000000002     
         424   1.5000000000000000       0.40000000000000002       0.40000000000000002     
         425   1.6000000000000001       0.40000000000000002       0.40000000000000008     
         426   1.7000000000000000       0.40000000000000002       0.40000000000000008     
         427   1.8000000000000000       0.40000000000000002       0.40000000000000013     
         428   1.8999999999999999       0.40000000000000002       0.40000000000000002     
         429   2.0000000000000000       0.40000000000000002       0.40000000000000008     
         430   2.1000000000000001       0.40000000000000002       0.40000000000000019     
         431   2.2000000000000002       0.40000000000000002       0.40000000000000008     
         432   2.2999999999999998       0.40000000000000002       0.39999999999999991     
         433   2.3999999999999999       0.40000000000000002       0.40000000000000002     
         434   2.5000000000000000       0.40000000000000002       0.39999999999999997     
         435   2.6000000000000001       0.40000000000000002       0.40000000000000008     
         436   2.7000000000000002       0.40000000000000002       0.40000000000000019     
         437   2.7999999999999998       0.40000000000000002       0.40000000000000002     
         438   2.8999999999999999       0.40000000000000002       0.40000000000000013     
         439   3.0000000000000000       0.40000000000000002       0.40000000000000008     
         440   3.1000000000000001       0.40000000000000002       0.39999999999999997     
         441   3.2000000000000002       0.40000000000000002       0.40000000000000013     
         442   3.2999999999999998       0.40000000000000002       0.40000000000000019     
         443   3.3999999999999999       0.40000000000000002       0.40000000000000036     
         444   3.5000000000000000       0.40000000000000002       0.40000000000000041     
         445   3.6000000000000001       0.40000000000000002       0.40000000000000036     
         446   3.7000000000000002       0.40000000000000002       0.40000000000000036     
         447   3.7999999999999998       0.40000000000000002       0.40000000000000036     
         448   3.8999999999999999       0.40000000000000002       0.40000000000000030     
         449   4.0000000000000000       0.40000000000000002       0.40000000000000024     
         450   4.0999999999999996       0.40000000000000002       0.40000000000000041     
         451   4.2000000000000002       0.40000000000000002       0.40000000000000047     
         452   4.2999999999999998       0.40000000000000002       0.40000000000000047     
         453   4.4000000000000004       0.40000000000000002       0.40000000000000052     
         454   4.5000000000000000       0.40000000000000002       0.40000000000000030     
         455   4.5999999999999996       0.40000000000000002       0.40000000000000030     
         456   4.7000000000000002       0.40000000000000002       0.40000000000000036     
         457   4.7999999999999998       0.40000000000000002       0.40000000000000030     
         458   4.9000000000000004       0.40000000000000002       0.40000000000000013     
         459   5.0000000000000000       0.40000000000000002       0.40000000000000013     
         460   0.0000000000000000       0.45000000000000001       0.45000000000000001     
         461  0.10000000000000001       0.45000000000000001       0.45000000000000012     
         462  0.20000000000000001       0.45000000000000001       0.45000000000000012     
         463  0.29999999999999999       0.45000000000000001       0.45000000000000001     
         464  0.40000000000000002       0.45000000000000001       0.44999999999999990     
         465  0.50000000000000000       0.45000000000000001       0.45000000000000001     
         466  0.59999999999999998       0.45000000000000001       0.45000000000000001     
         467  0.69999999999999996       0.45000000000000001       0.45000000000000012     
         468  0.80000000000000004       0.45000000000000001       0.45000000000000012     
         469  0.90000000000000002       0.45000000000000001       0.45000000000000001     
         470   1.0000000000000000       0.45000000000000001       0.45000000000000001     
         471   1.5000000000000000       0.45000000000000001       0.45000000000000001     
         472   1.6000000000000001       0.45000000000000001       0.45000000000000001     
         473   1.7000000000000000       0.45000000000000001       0.45000000000000001     
         474   1.8000000000000000       0.45000000000000001       0.45000000000000001     
         475   1.8999999999999999       0.45000000000000001       0.45000000000000001     
         476   2.0000000000000000       0.45000000000000001       0.45000000000000012     
         477   2.1000000000000001       0.45000000000000001       0.45000000000000018     
         478   2.2000000000000002       0.45000000000000001       0.44999999999999996     
         479   2.2999999999999998       0.45000000000000001       0.44999999999999996     
         480   2.3999999999999999       0.45000000000000001       0.45000000000000001     
         481   2.5000000000000000       0.45000000000000001       0.45000000000000001     
         482   2.6000000000000001       0.45000000000000001       0.45000000000000012     
         483   2.7000000000000002       0.45000000000000001       0.45000000000000018     
         484   2.7999999999999998       0.45000000000000001       0.44999999999999996     
         485   2.8999999999999999       0.45000000000000001       0.45000000000000001     
         486   3.0000000000000000       0.45000000000000001       0.45000000000000001     
         487   3.1000000000000001       0.45000000000000001       0.45000000000000001     
         488   3.2000000000000002       0.45000000000000001       0.45000000000000018     
         489   3.2999999999999998       0.45000000000000001       0.45000000000000023     
         490   3.3999999999999999       0.45000000000000001       0.45000000000000040     
         491   3.5000000000000000       0.45000000000000001       0.45000000000000040     
         492   3.6000000000000001       0.45000000000000001       0.45000000000000040     
         493   3.7000000000000002       0.45000000000000001       0.45000000000000034     
         494   3.7999999999999998       0.45000000000000001       0.45000000000000034     
         495   3.8999999999999999       0.45000000000000001       0.45000000000000040     
         496   4.0000000000000000       0.45000000000000001       0.45000000000000034     
         497   4.0999999999999996       0.45000000000000001       0.45000000000000046     
         498   4.2000000000000002       0.45000000000000001       0.45000000000000046     
         499   4.2999999999999998       0.45000000000000001       0.45000000000000046     
         500   4.4000000000000004       0.45000000000000001       0.45000000000000046     
         501   4.5000000000000000       0.45000000000000001       0.45000000000000018     
         502   4.5999999999999996       0.45000000000000001       0.45000000000000029     
         503   4.7000000000000002       0.45000000000000001       0.45000000000000029     
         504   4.7999999999999998       0.45000000000000001       0.45000000000000018     
         505   4.9000000000000004       0.45000000000000001       0.45000000000000012     
         506   5.0000000000000000       0.45000000000000001       0.44999999999999996     
         507   0.0000000000000000       0.50000000000000000       0.50000000000000000     
         508  0.10000000000000001       0.50000000000000000       0.50000000000000000     
         509  0.20000000000000001       0.50000000000000000       0.50000000000000022     
         510  0.29999999999999999       0.50000000000000000       0.50000000000000011     
         511  0.40000000000000002       0.50000000000000000       0.49999999999999989     
         512  0.50000000000000000       0.50000000000000000       0.50000000000000000     
         513  0.59999999999999998       0.50000000000000000       0.50000000000000000     
         514  0.69999999999999996       0.50000000000000000       0.50000000000000022     
         515  0.80000000000000004       0.50000000000000000       0.50000000000000022     
         516  0.90000000000000002       0.50000000000000000       0.50000000000000011     
         517   1.0000000000000000       0.50000000000000000       0.50000000000000000     
         518   1.5000000000000000       0.50000000000000000       0.50000000000000000     
         519   1.6000000000000001       0.50000000000000000       0.49999999999999989     
         520   1.7000000000000000       0.50000000000000000       0.50000000000000000     
         521   1.8000000000000000       0.50000000000000000       0.49999999999999989     
         522   1.8999999999999999       0.50000000000000000       0.50000000000000000     
         523   2.0000000000000000       0.50000000000000000       0.50000000000000000     
         524   2.1000000000000001       0.50000000000000000       0.50000000000000022     
         525   2.2000000000000002       0.50000000000000000       0.50000000000000000     
         526   2.2999999999999998       0.50000000000000000       0.50000000000000000     
         527   2.3999999999999999       0.50000000000000000       0.50000000000000000     
         528   2.5000000000000000       0.50000000000000000       0.50000000000000000     
         529   2.6000000000000001       0.50000000000000000       0.50000000000000000     
         530   2.7000000000000002       0.50000000000000000       0.50000000000000022     
         531   2.7999999999999998       0.50000000000000000       0.50000000000000000     
         532   2.8999999999999999       0.50000000000000000       0.50000000000000000     
         533   3.0000000000000000       0.50000000000000000       0.50000000000000000     
         534   3.1000000000000001       0.50000000000000000       0.50000000000000000     
         535   3.2000000000000002       0.50000000000000000       0.50000000000000022     
         536   3.2999999999999998       0.50000000000000000       0.50000000000000022     
         537   3.3999999999999999       0.50000000000000000       0.50000000000000033     
         538   3.5000000000000000       0.50000000000000000       0.50000000000000033     
         539   3.6000000000000001       0.50000000000000000       0.50000000000000044     
         540   3.7000000000000002       0.50000000000000000       0.50000000000000033     
         541   3.7999999999999998       0.50000000000000000       0.50000000000000044     
         542   3.8999999999999999       0.50000000000000000       0.50000000000000044     
         543   4.0000000000000000       0.50000000000000000       0.50000000000000056     
         544   4.0999999999999996       0.50000000000000000       0.50000000000000044     
         545   4.2000000000000002       0.50000000000000000       0.50000000000000033     
         546   4.2999999999999998       0.50000000000000000       0.50000000000000033     
         547   4.4000000000000004       0.50000000000000000       0.50000000000000044     
         548   4.5000000000000000       0.50000000000000000       0.50000000000000011     
         549   4.5999999999999996       0.50000000000000000       0.50000000000000022     
         550   4.7000000000000002       0.50000000000000000       0.50000000000000022     
         551   4.7999999999999998       0.50000000000000000       0.50000000000000011     
         552   4.9000000000000004       0.50000000000000000       0.50000000000000011     
         553   5.0000000000000000       0.50000000000000000       0.49999999999999989     
         554   0.0000000000000000       0.55000000000000004       0.55000000000000004     
         555  0.10000000000000001       0.55000000000000004       0.54999999999999993     
         556  0.20000000000000001       0.55000000000000004       0.55000000000000027     
         557  0.29999999999999999       0.55000000000000004       0.55000000000000016     
         558  0.40000000000000002       0.55000000000000004       0.55000000000000004     
         559  0.50000000000000000       0.55000000000000004       0.55000000000000004     
         560  0.59999999999999998       0.55000000000000004       0.55000000000000004     
         561  0.69999999999999996       0.55000000000000004       0.55000000000000027     
         562  0.80000000000000004       0.55000000000000004       0.55000000000000027     
         563  0.90000000000000002       0.55000000000000004       0.55000000000000004     
         564   1.0000000000000000       0.55000000000000004       0.55000000000000004     
         565   1.5000000000000000       0.55000000000000004       0.55000000000000004     
         566   1.6000000000000001       0.55000000000000004       0.55000000000000004     
         567   1.7000000000000000       0.55000000000000004       0.55000000000000004     
         568   1.8000000000000000       0.55000000000000004       0.55000000000000004     
         569   1.8999999999999999       0.55000000000000004       0.55000000000000004     
         570   2.0000000000000000       0.55000000000000004       0.55000000000000004     
         571   2.1000000000000001       0.55000000000000004       0.55000000000000027     
         572   2.2000000000000002       0.55000000000000004       0.55000000000000004     
         573   2.2999999999999998       0.55000000000000004       0.55000000000000004     
         574   2.3999999999999999       0.55000000000000004       0.55000000000000016     
         575   2.5000000000000000       0.55000000000000004       0.55000000000000016     
         576   2.6000000000000001       0.55000000000000004       0.55000000000000004     
         577   2.7000000000000002       0.55000000000000004       0.55000000000000038     
         578   2.7999999999999998       0.55000000000000004       0.55000000000000016     
         579   2.8999999999999999       0.55000000000000004       0.55000000000000016     
         580   3.0000000000000000       0.55000000000000004       0.55000000000000016     
         581   3.1000000000000001       0.55000000000000004       0.55000000000000016     
         582   3.2000000000000002       0.55000000000000004       0.55000000000000038     
         583   3.2999999999999998       0.55000000000000004       0.55000000000000038     
         584   3.3999999999999999       0.55000000000000004       0.55000000000000038     
         585   3.5000000000000000       0.55000000000000004       0.55000000000000049     
         586   3.6000000000000001       0.55000000000000004       0.55000000000000049     
         587   3.7000000000000002       0.55000000000000004       0.55000000000000060     
         588   3.7999999999999998       0.55000000000000004       0.55000000000000060     
         589   3.8999999999999999       0.55000000000000004       0.55000000000000049     
         590   4.0000000000000000       0.55000000000000004       0.55000000000000060     
         591   4.0999999999999996       0.55000000000000004       0.55000000000000038     
         592   4.2000000000000002       0.55000000000000004       0.55000000000000038     
         593   4.2999999999999998       0.55000000000000004       0.55000000000000038     
         594   4.4000000000000004       0.55000000000000004       0.55000000000000038     
         595   4.5000000000000000       0.55000000000000004       0.55000000000000004     
         596   4.5999999999999996       0.55000000000000004       0.55000000000000016     
         597   4.7000000000000002       0.55000000000000004       0.55000000000000038     
         598   4.7999999999999998       0.55000000000000004       0.55000000000000027     
         599   4.9000000000000004       0.55000000000000004       0.55000000000000004     
         600   5.0000000000000000       0.55000000000000004       0.55000000000000004     
         601   0.0000000000000000       0.59999999999999998       0.59999999999999998     
         602  0.10000000000000001       0.59999999999999998       0.59999999999999987     
         603  0.20000000000000001       0.59999999999999998       0.60000000000000020     
         604  0.29999999999999999       0.59999999999999998       0.59999999999999987     
         605  0.40000000000000002       0.59999999999999998       0.59999999999999987     
         606  0.50000000000000000       0.59999999999999998       0.59999999999999998     
         607  0.59999999999999998       0.59999999999999998       0.60000000000000009     
         608  0.69999999999999996       0.59999999999999998       0.60000000000000009     
         609  0.80000000000000004       0.59999999999999998       0.60000000000000020     
         610  0.90000000000000002       0.59999999999999998       0.59999999999999998     
         611   1.0000000000000000       0.59999999999999998       0.59999999999999998     
         612   1.1000000000000001       0.59999999999999998       0.59999999999999998     
         613   1.2000000000000000       0.59999999999999998       0.59999999999999998     
         614   1.3000000000000000       0.59999999999999998       0.59999999999999998     
         615   1.3999999999999999       0.59999999999999998       0.59999999999999998     
         616   1.5000000000000000       0.59999999999999998       0.59999999999999998     
         617   1.6000000000000001       0.59999999999999998       0.59999999999999987     
         618   1.7000000000000000       0.59999999999999998       0.59999999999999998     
         619   1.8000000000000000       0.59999999999999998       0.59999999999999998     
         620   1.8999999999999999       0.59999999999999998       0.59999999999999998     
         621   2.0000000000000000       0.59999999999999998       0.60000000000000009     
         622   2.1000000000000001       0.59999999999999998       0.60000000000000009     
         623   2.2000000000000002       0.59999999999999998       0.59999999999999987     
         624   2.2999999999999998       0.59999999999999998       0.59999999999999987     
         625   2.3999999999999999       0.59999999999999998       0.60000000000000020     
         626   2.5000000000000000       0.59999999999999998       0.60000000000000031     
         627   2.6000000000000001       0.59999999999999998       0.60000000000000031     
         628   2.7000000000000002       0.59999999999999998       0.60000000000000020     
         629   2.7999999999999998       0.59999999999999998       0.60000000000000020     
         630   2.8999999999999999       0.59999999999999998       0.60000000000000031     
         631   3.0000000000000000       0.59999999999999998       0.60000000000000031     
         632   3.1000000000000001       0.59999999999999998       0.60000000000000031     
         633   3.2000000000000002       0.59999999999999998       0.60000000000000020     
         634   3.2999999999999998       0.59999999999999998       0.60000000000000020     
         635   3.3999999999999999       0.59999999999999998       0.60000000000000031     
         636   3.5000000000000000       0.59999999999999998       0.60000000000000053     
         637   3.6000000000000001       0.59999999999999998       0.60000000000000053     
         638   3.7000000000000002       0.59999999999999998       0.60000000000000042     
         639   3.7999999999999998       0.59999999999999998       0.60000000000000042     
         640   3.8999999999999999       0.59999999999999998       0.60000000000000053     
         641   4.0000000000000000       0.59999999999999998       0.60000000000000042     
         642   4.0999999999999996       0.59999999999999998       0.60000000000000031     
         643   4.2000000000000002       0.59999999999999998       0.60000000000000009     
         644   4.2999999999999998       0.59999999999999998       0.60000000000000020     
         645   4.4000000000000004       0.59999999999999998       0.60000000000000031     
         646   4.5000000000000000       0.59999999999999998       0.60000000000000009     
         647   4.5999999999999996       0.59999999999999998       0.60000000000000009     
         648   4.7000000000000002       0.59999999999999998       0.60000000000000009     
         649   4.7999999999999998       0.59999999999999998       0.60000000000000009     
         650   4.9000000000000004       0.59999999999999998       0.60000000000000009     
         651   5.0000000000000000       0.59999999999999998       0.60000000000000020     
         652   0.0000000000000000       0.65000000000000002       0.65000000000000002     
         653  0.10000000000000001       0.65000000000000002       0.64999999999999980     
         654  0.20000000000000001       0.65000000000000002       0.65000000000000013     
         655  0.29999999999999999       0.65000000000000002       0.64999999999999980     
         656  0.40000000000000002       0.65000000000000002       0.64999999999999980     
         657  0.50000000000000000       0.65000000000000002       0.65000000000000013     
         658  0.59999999999999998       0.65000000000000002       0.65000000000000013     
         659  0.69999999999999996       0.65000000000000002       0.65000000000000024     
         660  0.80000000000000004       0.65000000000000002       0.65000000000000024     
         661  0.90000000000000002       0.65000000000000002       0.65000000000000002     
         662   1.0000000000000000       0.65000000000000002       0.64999999999999991     
         663   1.1000000000000001       0.65000000000000002       0.65000000000000002     
         664   1.2000000000000000       0.65000000000000002       0.65000000000000002     
         665   1.3000000000000000       0.65000000000000002       0.65000000000000002     
         666   1.3999999999999999       0.65000000000000002       0.64999999999999991     
         667   1.5000000000000000       0.65000000000000002       0.65000000000000013     
         668   1.6000000000000001       0.65000000000000002       0.65000000000000002     
         669   1.7000000000000000       0.65000000000000002       0.65000000000000002     
         670   1.8000000000000000       0.65000000000000002       0.65000000000000002     
         671   1.8999999999999999       0.65000000000000002       0.64999999999999991     
         672   2.0000000000000000       0.65000000000000002       0.65000000000000013     
         673   2.1000000000000001       0.65000000000000002       0.65000000000000024     
         674   2.2000000000000002       0.65000000000000002       0.64999999999999991     
         675   2.2999999999999998       0.65000000000000002       0.64999999999999991     
         676   2.3999999999999999       0.65000000000000002       0.65000000000000036     
         677   2.5000000000000000       0.65000000000000002       0.65000000000000047     
         678   2.6000000000000001       0.65000000000000002       0.65000000000000047     
         679   2.7000000000000002       0.65000000000000002       0.65000000000000036     
         680   2.7999999999999998       0.65000000000000002       0.65000000000000036     
         681   2.8999999999999999       0.65000000000000002       0.65000000000000047     
         682   3.0000000000000000       0.65000000000000002       0.65000000000000047     
         683   3.1000000000000001       0.65000000000000002       0.65000000000000036     
         684   3.2000000000000002       0.65000000000000002       0.65000000000000036     
         685   3.2999999999999998       0.65000000000000002       0.65000000000000036     
         686   3.3999999999999999       0.65000000000000002       0.65000000000000036     
         687   3.5000000000000000       0.65000000000000002       0.65000000000000069     
         688   3.6000000000000001       0.65000000000000002       0.65000000000000069     
         689   3.7000000000000002       0.65000000000000002       0.65000000000000058     
         690   3.7999999999999998       0.65000000000000002       0.65000000000000058     
         691   3.8999999999999999       0.65000000000000002       0.65000000000000069     
         692   4.0000000000000000       0.65000000000000002       0.65000000000000036     
         693   4.0999999999999996       0.65000000000000002       0.65000000000000013     
         694   4.2000000000000002       0.65000000000000002       0.65000000000000013     
         695   4.2999999999999998       0.65000000000000002       0.65000000000000036     
         696   4.4000000000000004       0.65000000000000002       0.65000000000000036     
         697   4.5000000000000000       0.65000000000000002       0.65000000000000013     
         698   4.5999999999999996       0.65000000000000002       0.65000000000000013     
         699   4.7000000000000002       0.65000000000000002       0.65000000000000002     
         700   4.7999999999999998       0.65000000000000002       0.65000000000000024     
         701   4.9000000000000004       0.65000000000000002       0.65000000000000013     
         702   5.0000000000000000       0.65000000000000002       0.65000000000000024     
         703   0.0000000000000000       0.69999999999999996       0.69999999999999996     
         704  0.10000000000000001       0.69999999999999996       0.69999999999999984     
         705  0.20000000000000001       0.69999999999999996       0.70000000000000018     
         706  0.29999999999999999       0.69999999999999996       0.69999999999999973     
         707  0.40000000000000002       0.69999999999999996       0.69999999999999973     
         708  0.50000000000000000       0.69999999999999996       0.69999999999999996     
         709  0.59999999999999998       0.69999999999999996       0.70000000000000018     
         710  0.69999999999999996       0.69999999999999996       0.70000000000000018     
         711  0.80000000000000004       0.69999999999999996       0.70000000000000018     
         712  0.90000000000000002       0.69999999999999996       0.69999999999999996     
         713   1.0000000000000000       0.69999999999999996       0.70000000000000007     
         714   1.1000000000000001       0.69999999999999996       0.69999999999999996     
         715   1.2000000000000000       0.69999999999999996       0.69999999999999996     
         716   1.3000000000000000       0.69999999999999996       0.69999999999999996     
         717   1.3999999999999999       0.69999999999999996       0.69999999999999996     
         718   1.5000000000000000       0.69999999999999996       0.70000000000000007     
         719   1.6000000000000001       0.69999999999999996       0.69999999999999996     
         720   1.7000000000000000       0.69999999999999996       0.69999999999999996     
         721   1.8000000000000000       0.69999999999999996       0.69999999999999996     
         722   1.8999999999999999       0.69999999999999996       0.69999999999999996     
         723   2.0000000000000000       0.69999999999999996       0.70000000000000007     
         724   2.1000000000000001       0.69999999999999996       0.70000000000000007     
         725   2.2000000000000002       0.69999999999999996       0.69999999999999984     
         726   2.2999999999999998       0.69999999999999996       0.69999999999999984     
         727   2.3999999999999999       0.69999999999999996       0.70000000000000040     
         728   2.5000000000000000       0.69999999999999996       0.70000000000000051     
         729   2.6000000000000001       0.69999999999999996       0.70000000000000062     
         730   2.7000000000000002       0.69999999999999996       0.70000000000000029     
         731   2.7999999999999998       0.69999999999999996       0.70000000000000029     
         732   2.8999999999999999       0.69999999999999996       0.70000000000000051     
         733   3.0000000000000000       0.69999999999999996       0.70000000000000062     
         734   3.1000000000000001       0.69999999999999996       0.70000000000000051     
         735   3.2000000000000002       0.69999999999999996       0.70000000000000029     
         736   3.2999999999999998       0.69999999999999996       0.70000000000000029     
         737   3.3999999999999999       0.69999999999999996       0.70000000000000051     
         738   3.5000000000000000       0.69999999999999996       0.70000000000000062     
         739   3.6000000000000001       0.69999999999999996       0.70000000000000062     
         740   3.7000000000000002       0.69999999999999996       0.70000000000000040     
         741   3.7999999999999998       0.69999999999999996       0.70000000000000040     
         742   3.8999999999999999       0.69999999999999996       0.70000000000000051     
         743   4.0000000000000000       0.69999999999999996       0.70000000000000029     
         744   4.0999999999999996       0.69999999999999996       0.70000000000000018     
         745   4.2000000000000002       0.69999999999999996       0.70000000000000007     
         746   4.2999999999999998       0.69999999999999996       0.70000000000000007     
         747   4.4000000000000004       0.69999999999999996       0.70000000000000029     
         748   4.5000000000000000       0.69999999999999996       0.70000000000000007     
         749   4.5999999999999996       0.69999999999999996       0.70000000000000007     
         750   4.7000000000000002       0.69999999999999996       0.69999999999999984     
         751   4.7999999999999998       0.69999999999999996       0.70000000000000007     
         752   4.9000000000000004       0.69999999999999996       0.69999999999999996     
         753   5.0000000000000000       0.69999999999999996       0.70000000000000018     
         754   0.0000000000000000       0.75000000000000000       0.75000000000000000     
         755  0.10000000000000001       0.75000000000000000       0.75000000000000000     
         756  0.20000000000000001       0.75000000000000000       0.75000000000000022     
         757  0.29999999999999999       0.75000000000000000       0.74999999999999978     
         758  0.40000000000000002       0.75000000000000000       0.74999999999999978     
         759  0.50000000000000000       0.75000000000000000       0.75000000000000000     
         760  0.59999999999999998       0.75000000000000000       0.75000000000000022     
         761  0.69999999999999996       0.75000000000000000       0.75000000000000022     
         762  0.80000000000000004       0.75000000000000000       0.75000000000000022     
         763  0.90000000000000002       0.75000000000000000       0.75000000000000000     
         764   1.0000000000000000       0.75000000000000000       0.75000000000000033     
         765   1.1000000000000001       0.75000000000000000       0.75000000000000000     
         766   1.2000000000000000       0.75000000000000000       0.75000000000000000     
         767   1.3000000000000000       0.75000000000000000       0.75000000000000000     
         768   1.3999999999999999       0.75000000000000000       0.75000000000000000     
         769   1.5000000000000000       0.75000000000000000       0.75000000000000000     
         770   1.6000000000000001       0.75000000000000000       0.75000000000000022     
         771   1.7000000000000000       0.75000000000000000       0.75000000000000000     
         772   1.8000000000000000       0.75000000000000000       0.75000000000000000     
         773   1.8999999999999999       0.75000000000000000       0.75000000000000000     
         774   2.0000000000000000       0.75000000000000000       0.75000000000000000     
         775   2.1000000000000001       0.75000000000000000       0.75000000000000011     
         776   2.2000000000000002       0.75000000000000000       0.75000000000000000     
         777   2.2999999999999998       0.75000000000000000       0.75000000000000000     
         778   2.3999999999999999       0.75000000000000000       0.75000000000000044     
         779   2.5000000000000000       0.75000000000000000       0.75000000000000056     
         780   2.6000000000000001       0.75000000000000000       0.75000000000000067     
         781   2.7000000000000002       0.75000000000000000       0.75000000000000044     
         782   2.7999999999999998       0.75000000000000000       0.75000000000000044     
         783   2.8999999999999999       0.75000000000000000       0.75000000000000056     
         784   3.0000000000000000       0.75000000000000000       0.75000000000000067     
         785   3.1000000000000001       0.75000000000000000       0.75000000000000056     
         786   3.2000000000000002       0.75000000000000000       0.75000000000000044     
         787   3.2999999999999998       0.75000000000000000       0.75000000000000044     
         788   3.3999999999999999       0.75000000000000000       0.75000000000000067     
         789   3.5000000000000000       0.75000000000000000       0.75000000000000056     
         790   3.6000000000000001       0.75000000000000000       0.75000000000000056     
         791   3.7000000000000002       0.75000000000000000       0.75000000000000044     
         792   3.7999999999999998       0.75000000000000000       0.75000000000000044     
         793   3.8999999999999999       0.75000000000000000       0.75000000000000044     
         794   4.0000000000000000       0.75000000000000000       0.75000000000000022     
         795   4.0999999999999996       0.75000000000000000       0.75000000000000022     
         796   4.2000000000000002       0.75000000000000000       0.75000000000000011     
         797   4.2999999999999998       0.75000000000000000       0.75000000000000000     
         798   4.4000000000000004       0.75000000000000000       0.75000000000000022     
         799   4.5000000000000000       0.75000000000000000       0.75000000000000011     
         800   4.5999999999999996       0.75000000000000000       0.75000000000000000     
         801   4.7000000000000002       0.75000000000000000       0.74999999999999989     
         802   4.7999999999999998       0.75000000000000000       0.75000000000000000     
         803   4.9000000000000004       0.75000000000000000       0.75000000000000000     
         804   5.0000000000000000       0.75000000000000000       0.75000000000000022     
         805   0.0000000000000000       0.80000000000000004       0.80000000000000004     
         806  0.10000000000000001       0.80000000000000004       0.79999999999999971     
         807  0.20000000000000001       0.80000000000000004       0.80000000000000004     
         808  0.29999999999999999       0.80000000000000004       0.79999999999999982     
         809  0.40000000000000002       0.80000000000000004       0.79999999999999982     
         810  0.50000000000000000       0.80000000000000004       0.80000000000000004     
         811  0.59999999999999998       0.80000000000000004       0.80000000000000016     
         812  0.69999999999999996       0.80000000000000004       0.80000000000000027     
         813  0.80000000000000004       0.80000000000000004       0.80000000000000027     
         814  0.90000000000000002       0.80000000000000004       0.80000000000000004     
         815   1.0000000000000000       0.80000000000000004       0.80000000000000038     
         816   1.1000000000000001       0.80000000000000004       0.80000000000000004     
         817   1.2000000000000000       0.80000000000000004       0.80000000000000004     
         818   1.3000000000000000       0.80000000000000004       0.80000000000000004     
         819   1.3999999999999999       0.80000000000000004       0.80000000000000004     
         820   1.5000000000000000       0.80000000000000004       0.80000000000000004     
         821   1.6000000000000001       0.80000000000000004       0.80000000000000004     
         822   1.7000000000000000       0.80000000000000004       0.80000000000000004     
         823   1.8000000000000000       0.80000000000000004       0.80000000000000004     
         824   1.8999999999999999       0.80000000000000004       0.80000000000000004     
         825   2.0000000000000000       0.80000000000000004       0.80000000000000004     
         826   2.1000000000000001       0.80000000000000004       0.80000000000000004     
         827   2.2000000000000002       0.80000000000000004       0.79999999999999993     
         828   2.2999999999999998       0.80000000000000004       0.79999999999999993     
         829   2.3999999999999999       0.80000000000000004       0.80000000000000038     
         830   2.5000000000000000       0.80000000000000004       0.80000000000000049     
         831   2.6000000000000001       0.80000000000000004       0.80000000000000060     
         832   2.7000000000000002       0.80000000000000004       0.80000000000000049     
         833   2.7999999999999998       0.80000000000000004       0.80000000000000049     
         834   2.8999999999999999       0.80000000000000004       0.80000000000000060     
         835   3.0000000000000000       0.80000000000000004       0.80000000000000060     
         836   3.1000000000000001       0.80000000000000004       0.80000000000000060     
         837   3.2000000000000002       0.80000000000000004       0.80000000000000049     
         838   3.2999999999999998       0.80000000000000004       0.80000000000000049     
         839   3.3999999999999999       0.80000000000000004       0.80000000000000060     
         840   3.5000000000000000       0.80000000000000004       0.80000000000000060     
         841   3.6000000000000001       0.80000000000000004       0.80000000000000060     
         842   3.7000000000000002       0.80000000000000004       0.80000000000000049     
         843   3.7999999999999998       0.80000000000000004       0.80000000000000049     
         844   3.8999999999999999       0.80000000000000004       0.80000000000000038     
         845   4.0000000000000000       0.80000000000000004       0.80000000000000016     
         846   4.0999999999999996       0.80000000000000004       0.79999999999999993     
         847   4.2000000000000002       0.80000000000000004       0.80000000000000004     
         848   4.2999999999999998       0.80000000000000004       0.80000000000000004     
         849   4.4000000000000004       0.80000000000000004       0.79999999999999993     
         850   4.5000000000000000       0.80000000000000004       0.79999999999999993     
         851   4.5999999999999996       0.80000000000000004       0.80000000000000004     
         852   4.7000000000000002       0.80000000000000004       0.79999999999999993     
         853   4.7999999999999998       0.80000000000000004       0.79999999999999993     
         854   4.9000000000000004       0.80000000000000004       0.80000000000000004     
         855   5.0000000000000000       0.80000000000000004       0.79999999999999993     
         856   0.0000000000000000       0.84999999999999998       0.84999999999999998     
         857  0.10000000000000001       0.84999999999999998       0.84999999999999964     
         858  0.20000000000000001       0.84999999999999998       0.84999999999999987     
         859  0.29999999999999999       0.84999999999999998       0.84999999999999998     
         860  0.40000000000000002       0.84999999999999998       0.84999999999999987     
         861  0.50000000000000000       0.84999999999999998       0.84999999999999987     
         862  0.59999999999999998       0.84999999999999998       0.84999999999999998     
         863  0.69999999999999996       0.84999999999999998       0.85000000000000009     
         864  0.80000000000000004       0.84999999999999998       0.85000000000000020     
         865  0.90000000000000002       0.84999999999999998       0.84999999999999998     
         866   1.0000000000000000       0.84999999999999998       0.85000000000000020     
         867   1.1000000000000001       0.84999999999999998       0.84999999999999987     
         868   1.2000000000000000       0.84999999999999998       0.84999999999999998     
         869   1.3000000000000000       0.84999999999999998       0.84999999999999998     
         870   1.3999999999999999       0.84999999999999998       0.84999999999999998     
         871   1.5000000000000000       0.84999999999999998       0.85000000000000009     
         872   1.6000000000000001       0.84999999999999998       0.84999999999999987     
         873   1.7000000000000000       0.84999999999999998       0.84999999999999998     
         874   1.8000000000000000       0.84999999999999998       0.84999999999999998     
         875   1.8999999999999999       0.84999999999999998       0.84999999999999998     
         876   2.0000000000000000       0.84999999999999998       0.84999999999999987     
         877   2.1000000000000001       0.84999999999999998       0.85000000000000009     
         878   2.2000000000000002       0.84999999999999998       0.84999999999999976     
         879   2.2999999999999998       0.84999999999999998       0.84999999999999998     
         880   2.3999999999999999       0.84999999999999998       0.85000000000000042     
         881   2.5000000000000000       0.84999999999999998       0.85000000000000053     
         882   2.6000000000000001       0.84999999999999998       0.85000000000000042     
         883   2.7000000000000002       0.84999999999999998       0.85000000000000031     
         884   2.7999999999999998       0.84999999999999998       0.85000000000000031     
         885   2.8999999999999999       0.84999999999999998       0.85000000000000053     
         886   3.0000000000000000       0.84999999999999998       0.85000000000000053     
         887   3.1000000000000001       0.84999999999999998       0.85000000000000042     
         888   3.2000000000000002       0.84999999999999998       0.85000000000000031     
         889   3.2999999999999998       0.84999999999999998       0.85000000000000031     
         890   3.3999999999999999       0.84999999999999998       0.85000000000000053     
         891   3.5000000000000000       0.84999999999999998       0.85000000000000042     
         892   3.6000000000000001       0.84999999999999998       0.85000000000000042     
         893   3.7000000000000002       0.84999999999999998       0.85000000000000031     
         894   3.7999999999999998       0.84999999999999998       0.85000000000000031     
         895   3.8999999999999999       0.84999999999999998       0.85000000000000042     
         896   4.0000000000000000       0.84999999999999998       0.85000000000000009     
         897   4.0999999999999996       0.84999999999999998       0.85000000000000009     
         898   4.2000000000000002       0.84999999999999998       0.85000000000000009     
         899   4.2999999999999998       0.84999999999999998       0.84999999999999987     
         900   4.4000000000000004       0.84999999999999998       0.85000000000000009     
         901   4.5000000000000000       0.84999999999999998       0.84999999999999998     
         902   4.5999999999999996       0.84999999999999998       0.85000000000000009     
         903   4.7000000000000002       0.84999999999999998       0.84999999999999987     
         904   4.7999999999999998       0.84999999999999998       0.85000000000000009     
         905   4.9000000000000004       0.84999999999999998       0.85000000000000009     
         906   5.0000000000000000       0.84999999999999998       0.84999999999999987     
         907   0.0000000000000000       0.90000000000000002       0.90000000000000002     
         908  0.10000000000000001       0.90000000000000002       0.89999999999999980     
         909  0.20000000000000001       0.90000000000000002       0.90000000000000002     
         910  0.29999999999999999       0.90000000000000002       0.89999999999999980     
         911  0.40000000000000002       0.90000000000000002       0.89999999999999980     
         912  0.50000000000000000       0.90000000000000002       0.89999999999999980     
         913  0.59999999999999998       0.90000000000000002       0.90000000000000002     
         914  0.69999999999999996       0.90000000000000002       0.90000000000000002     
         915  0.80000000000000004       0.90000000000000002       0.90000000000000024     
         916  0.90000000000000002       0.90000000000000002       0.90000000000000002     
         917   1.0000000000000000       0.90000000000000002       0.90000000000000024     
         918   1.1000000000000001       0.90000000000000002       0.89999999999999980     
         919   1.2000000000000000       0.90000000000000002       0.90000000000000002     
         920   1.3000000000000000       0.90000000000000002       0.90000000000000002     
         921   1.3999999999999999       0.90000000000000002       0.90000000000000002     
         922   1.5000000000000000       0.90000000000000002       0.90000000000000024     
         923   1.6000000000000001       0.90000000000000002       0.90000000000000002     
         924   1.7000000000000000       0.90000000000000002       0.90000000000000002     
         925   1.8000000000000000       0.90000000000000002       0.90000000000000002     
         926   1.8999999999999999       0.90000000000000002       0.90000000000000002     
         927   2.0000000000000000       0.90000000000000002       0.90000000000000002     
         928   2.1000000000000001       0.90000000000000002       0.90000000000000024     
         929   2.2000000000000002       0.90000000000000002       0.89999999999999991     
         930   2.2999999999999998       0.90000000000000002       0.89999999999999991     
         931   2.3999999999999999       0.90000000000000002       0.90000000000000036     
         932   2.5000000000000000       0.90000000000000002       0.90000000000000058     
         933   2.6000000000000001       0.90000000000000002       0.90000000000000036     
         934   2.7000000000000002       0.90000000000000002       0.90000000000000036     
         935   2.7999999999999998       0.90000000000000002       0.90000000000000036     
         936   2.8999999999999999       0.90000000000000002       0.90000000000000058     
         937   3.0000000000000000       0.90000000000000002       0.90000000000000058     
         938   3.1000000000000001       0.90000000000000002       0.90000000000000036     
         939   3.2000000000000002       0.90000000000000002       0.90000000000000036     
         940   3.2999999999999998       0.90000000000000002       0.90000000000000036     
         941   3.3999999999999999       0.90000000000000002       0.90000000000000058     
         942   3.5000000000000000       0.90000000000000002       0.90000000000000036     
         943   3.6000000000000001       0.90000000000000002       0.90000000000000036     
         944   3.7000000000000002       0.90000000000000002       0.90000000000000036     
         945   3.7999999999999998       0.90000000000000002       0.90000000000000036     
         946   3.8999999999999999       0.90000000000000002       0.90000000000000036     
         947   4.0000000000000000       0.90000000000000002       0.89999999999999991     
         948   4.0999999999999996       0.90000000000000002       0.90000000000000002     
         949   4.2000000000000002       0.90000000000000002       0.90000000000000024     
         950   4.2999999999999998       0.90000000000000002       0.90000000000000002     
         951   4.4000000000000004       0.90000000000000002       0.90000000000000002     
         952   4.5000000000000000       0.90000000000000002       0.89999999999999991     
         953   4.5999999999999996       0.90000000000000002       0.89999999999999991     
         954   4.7000000000000002       0.90000000000000002       0.89999999999999991     
         955   4.7999999999999998       0.90000000000000002       0.90000000000000002     
         956   4.9000000000000004       0.90000000000000002       0.90000000000000002     
         957   5.0000000000000000       0.90000000000000002       0.90000000000000002     
         958   0.0000000000000000       0.94999999999999996       0.94999999999999996     
         959  0.10000000000000001       0.94999999999999996       0.94999999999999984     
         960  0.20000000000000001       0.94999999999999996       0.94999999999999996     
         961  0.29999999999999999       0.94999999999999996       0.94999999999999984     
         962  0.40000000000000002       0.94999999999999996       0.94999999999999984     
         963  0.50000000000000000       0.94999999999999996       0.94999999999999996     
         964  0.59999999999999998       0.94999999999999996       0.94999999999999996     
         965  0.69999999999999996       0.94999999999999996       0.94999999999999996     
         966  0.80000000000000004       0.94999999999999996       0.95000000000000007     
         967  0.90000000000000002       0.94999999999999996       0.94999999999999996     
         968   1.0000000000000000       0.94999999999999996       0.94999999999999996     
         969   1.1000000000000001       0.94999999999999996       0.94999999999999984     
         970   1.2000000000000000       0.94999999999999996       0.94999999999999996     
         971   1.3000000000000000       0.94999999999999996       0.94999999999999996     
         972   1.3999999999999999       0.94999999999999996       0.94999999999999996     
         973   1.5000000000000000       0.94999999999999996       0.95000000000000007     
         974   1.6000000000000001       0.94999999999999996       0.94999999999999996     
         975   1.7000000000000000       0.94999999999999996       0.94999999999999984     
         976   1.8000000000000000       0.94999999999999996       0.94999999999999996     
         977   1.8999999999999999       0.94999999999999996       0.94999999999999996     
         978   2.0000000000000000       0.94999999999999996       0.95000000000000007     
         979   2.1000000000000001       0.94999999999999996       0.95000000000000007     
         980   2.2000000000000002       0.94999999999999996       0.94999999999999996     
         981   2.2999999999999998       0.94999999999999996       0.94999999999999996     
         982   2.3999999999999999       0.94999999999999996       0.95000000000000018     
         983   2.5000000000000000       0.94999999999999996       0.95000000000000040     
         984   2.6000000000000001       0.94999999999999996       0.95000000000000018     
         985   2.7000000000000002       0.94999999999999996       0.94999999999999996     
         986   2.7999999999999998       0.94999999999999996       0.94999999999999996     
         987   2.8999999999999999       0.94999999999999996       0.95000000000000040     
         988   3.0000000000000000       0.94999999999999996       0.95000000000000040     
         989   3.1000000000000001       0.94999999999999996       0.95000000000000018     
         990   3.2000000000000002       0.94999999999999996       0.94999999999999996     
         991   3.2999999999999998       0.94999999999999996       0.94999999999999996     
         992   3.3999999999999999       0.94999999999999996       0.95000000000000040     
         993   3.5000000000000000       0.94999999999999996       0.95000000000000018     
         994   3.6000000000000001       0.94999999999999996       0.95000000000000018     
         995   3.7000000000000002       0.94999999999999996       0.94999999999999996     
         996   3.7999999999999998       0.94999999999999996       0.94999999999999996     
         997   3.8999999999999999       0.94999999999999996       0.95000000000000018     
         998   4.0000000000000000       0.94999999999999996       0.94999999999999996     
         999   4.0999999999999996       0.94999999999999996       0.95000000000000007     
        1000   4.2000000000000002       0.94999999999999996       0.95000000000000007     
        1001   4.2999999999999998       0.94999999999999996       0.95000000000000007     
        1002   4.4000000000000004       0.94999999999999996       0.94999999999999984     
        1003   4.5000000000000000       0.94999999999999996       0.94999999999999996     
        1004   4.5999999999999996       0.94999999999999996       0.95000000000000007     
        1005   4.7000000000000002       0.94999999999999996       0.95000000000000007     
        1006   4.7999999999999998       0.94999999999999996       0.95000000000000007     
        1007   4.9000000000000004       0.94999999999999996       0.94999999999999984     
        1008   5.0000000000000000       0.94999999999999996       0.94999999999999996     
        1009   0.0000000000000000        1.0000000000000000        1.0000000000000000     
        1010  0.10000000000000001        1.0000000000000000        1.0000000000000000     
        1011  0.20000000000000001        1.0000000000000000        1.0000000000000000     
        1012  0.29999999999999999        1.0000000000000000        1.0000000000000000     
        1013  0.40000000000000002        1.0000000000000000        1.0000000000000000     
        1014  0.50000000000000000        1.0000000000000000        1.0000000000000000     
        1015  0.59999999999999998        1.0000000000000000        1.0000000000000000     
        1016  0.69999999999999996        1.0000000000000000        1.0000000000000000     
        1017  0.80000000000000004        1.0000000000000000        1.0000000000000000     
        1018  0.90000000000000002        1.0000000000000000        1.0000000000000000     
        1019   1.0000000000000000        1.0000000000000000        1.0000000000000000     
        1020   1.1000000000000001        1.0000000000000000        1.0000000000000000     
        1021   1.2000000000000000        1.0000000000000000        1.0000000000000000     
        1022   1.3000000000000000        1.0000000000000000        1.0000000000000000     
        1023   1.3999999999999999        1.0000000000000000        1.0000000000000000     
        1024   1.5000000000000000        1.0000000000000000        1.0000000000000000     
        1025   1.6000000000000001        1.0000000000000000        1.0000000000000000     
        1026   1.7000000000000000        1.0000000000000000        1.0000000000000000     
        1027   1.8000000000000000        1.0000000000000000        1.0000000000000000     
        1028   1.8999999999999999        1.0000000000000000        1.0000000000000000     
        1029   2.0000000000000000        1.0000000000000000        1.0000000000000000     
        1030   2.1000000000000001        1.0000000000000000        1.0000000000000000     
        1031   2.2000000000000002        1.0000000000000000        1.0000000000000000     
        1032   2.2999999999999998        1.0000000000000000        1.0000000000000000     
        1033   2.3999999999999999        1.0000000000000000        1.0000000000000000     
        1034   2.5000000000000000        1.0000000000000000        1.0000000000000000     
        1035   2.6000000000000001        1.0000000000000000        1.0000000000000000     
        1036   2.7000000000000002        1.0000000000000000        1.0000000000000000     
        1037   2.7999999999999998        1.0000000000000000        1.0000000000000000     
        1038   2.8999999999999999        1.0000000000000000        1.0000000000000000     
        1039   3.0000000000000000        1.0000000000000000        1.0000000000000000     
        1040   3.1000000000000001        1.0000000000000000        1.0000000000000000     
        1041   3.2000000000000002        1.0000000000000000        1.0000000000000000     
        1042   3.2999999999999998        1.0000000000000000        1.0000000000000000     
        1043   3.3999999999999999        1.0000000000000000        1.0000000000000000     
        1044   3.5000000000000000        1.0000000000000000        1.0000000000000000     
        1045   3.6000000000000001        1.0000000000000000        1.0000000000000000     
        1046   3.7000000000000002        1.0000000000000000        1.0000000000000000     
        1047   3.7999999999999998        1.0000000000000000        1.0000000000000000     
        1048   3.8999999999999999        1.0000000000000000        1.0000000000000000     
        1049   4.0000000000000000        1.0000000000000000        1.0000000000000000     
        1050   4.0999999999999996        1.0000000000000000        1.0000000000000000     
        1051   4.2000000000000002        1.0000000000000000        1.0000000000000000     
        1052   4.2999999999999998        1.0000000000000000        1.0000000000000000     
        1053   4.4000000000000004        1.0000000000000000        1.0000000000000000     
        1054   4.5000000000000000        1.0000000000000000        1.0000000000000000     
        1055   4.5999999999999996        1.0000000000000000        1.0000000000000000     
        1056   4.7000000000000002        1.0000000000000000        1.0000000000000000     
        1057   4.7999999999999998        1.0000000000000000        1.0000000000000000     
        1058   4.9000000000000004        1.0000000000000000        1.0000000000000000     
        1059   5.0000000000000000        1.0000000000000000        1.0000000000000000     
