           1   0.0000000000000000        0.0000000000000000        0.0000000000000000     
           2  0.10000000000000001        0.0000000000000000        0.0000000000000000     
           3  0.20000000000000001        0.0000000000000000        0.0000000000000000     
           4  0.29999999999999999        0.0000000000000000        0.0000000000000000     
           5  0.40000000000000002        0.0000000000000000        0.0000000000000000     
           6  0.50000000000000000        0.0000000000000000        0.0000000000000000     
           7  0.59999999999999998        0.0000000000000000        0.0000000000000000     
           8  0.69999999999999996        0.0000000000000000        0.0000000000000000     
           9  0.80000000000000004        0.0000000000000000        0.0000000000000000     
          10  0.90000000000000002        0.0000000000000000        0.0000000000000000     
          11   1.0000000000000000        0.0000000000000000        0.0000000000000000     
          12   1.1000000000000001        0.0000000000000000        0.0000000000000000     
          13   1.2000000000000000        0.0000000000000000        0.0000000000000000     
          14   1.3000000000000000        0.0000000000000000        0.0000000000000000     
          15   1.3999999999999999        0.0000000000000000        0.0000000000000000     
          16   1.5000000000000000        0.0000000000000000        0.0000000000000000     
          17   1.6000000000000001        0.0000000000000000        0.0000000000000000     
          18   1.7000000000000000        0.0000000000000000        0.0000000000000000     
          19   1.8000000000000000        0.0000000000000000        0.0000000000000000     
          20   1.8999999999999999        0.0000000000000000        0.0000000000000000     
          21   2.0000000000000000        0.0000000000000000        0.0000000000000000     
          22   2.1000000000000001        0.0000000000000000        0.0000000000000000     
          23   2.2000000000000002        0.0000000000000000        0.0000000000000000     
          24   2.2999999999999998        0.0000000000000000        0.0000000000000000     
          25   2.3999999999999999        0.0000000000000000        0.0000000000000000     
          26   2.5000000000000000        0.0000000000000000        0.0000000000000000     
          27   2.6000000000000001        0.0000000000000000        0.0000000000000000     
          28   2.7000000000000002        0.0000000000000000        0.0000000000000000     
          29   2.7999999999999998        0.0000000000000000        0.0000000000000000     
          30   2.8999999999999999        0.0000000000000000        0.0000000000000000     
          31   3.0000000000000000        0.0000000000000000        0.0000000000000000     
          32   3.1000000000000001        0.0000000000000000        0.0000000000000000     
          33   3.2000000000000002        0.0000000000000000        0.0000000000000000     
          34   3.2999999999999998        0.0000000000000000        0.0000000000000000     
          35   3.3999999999999999        0.0000000000000000        0.0000000000000000     
          36   3.5000000000000000        0.0000000000000000        0.0000000000000000     
          37   3.6000000000000001        0.0000000000000000        0.0000000000000000     
          38   3.7000000000000002        0.0000000000000000        0.0000000000000000     
          39   3.7999999999999998        0.0000000000000000        0.0000000000000000     
          40   3.8999999999999999        0.0000000000000000        0.0000000000000000     
          41   4.0000000000000000        0.0000000000000000        0.0000000000000000     
          42   4.0999999999999996        0.0000000000000000        0.0000000000000000     
          43   4.2000000000000002        0.0000000000000000        0.0000000000000000     
          44   4.2999999999999998        0.0000000000000000        0.0000000000000000     
          45   4.4000000000000004        0.0000000000000000        0.0000000000000000     
          46   4.5000000000000000        0.0000000000000000        0.0000000000000000     
          47   4.5999999999999996        0.0000000000000000        0.0000000000000000     
          48   4.7000000000000002        0.0000000000000000        0.0000000000000000     
          49   4.7999999999999998        0.0000000000000000        0.0000000000000000     
          50   4.9000000000000004        0.0000000000000000        0.0000000000000000     
          51   5.0000000000000000        0.0000000000000000        0.0000000000000000     
          52   0.0000000000000000        5.0000000000000003E-002   0.0000000000000000     
          53  0.10000000000000001        5.0000000000000003E-002   0.0000000000000000     
          54  0.20000000000000001        5.0000000000000003E-002   0.0000000000000000     
          55  0.29999999999999999        5.0000000000000003E-002   0.0000000000000000     
          56  0.40000000000000002        5.0000000000000003E-002   0.0000000000000000     
          57  0.50000000000000000        5.0000000000000003E-002   0.0000000000000000     
          58  0.59999999999999998        5.0000000000000003E-002   0.0000000000000000     
          59  0.69999999999999996        5.0000000000000003E-002   0.0000000000000000     
          60  0.80000000000000004        5.0000000000000003E-002   0.0000000000000000     
          61  0.90000000000000002        5.0000000000000003E-002   0.0000000000000000     
          62   1.0000000000000000        5.0000000000000003E-002   0.0000000000000000     
          63   1.1000000000000001        5.0000000000000003E-002   0.0000000000000000     
          64   1.2000000000000000        5.0000000000000003E-002   0.0000000000000000     
          65   1.3000000000000000        5.0000000000000003E-002   0.0000000000000000     
          66   1.3999999999999999        5.0000000000000003E-002   0.0000000000000000     
          67   1.5000000000000000        5.0000000000000003E-002   0.0000000000000000     
          68   1.6000000000000001        5.0000000000000003E-002   0.0000000000000000     
          69   1.7000000000000000        5.0000000000000003E-002   0.0000000000000000     
          70   1.8000000000000000        5.0000000000000003E-002   0.0000000000000000     
          71   1.8999999999999999        5.0000000000000003E-002   0.0000000000000000     
          72   2.0000000000000000        5.0000000000000003E-002   0.0000000000000000     
          73   2.1000000000000001        5.0000000000000003E-002   0.0000000000000000     
          74   2.2000000000000002        5.0000000000000003E-002   0.0000000000000000     
          75   2.2999999999999998        5.0000000000000003E-002   0.0000000000000000     
          76   2.3999999999999999        5.0000000000000003E-002   0.0000000000000000     
          77   2.5000000000000000        5.0000000000000003E-002   0.0000000000000000     
          78   2.6000000000000001        5.0000000000000003E-002   0.0000000000000000     
          79   2.7000000000000002        5.0000000000000003E-002   0.0000000000000000     
          80   2.7999999999999998        5.0000000000000003E-002   0.0000000000000000     
          81   2.8999999999999999        5.0000000000000003E-002   0.0000000000000000     
          82   3.0000000000000000        5.0000000000000003E-002   0.0000000000000000     
          83   3.1000000000000001        5.0000000000000003E-002   0.0000000000000000     
          84   3.2000000000000002        5.0000000000000003E-002   0.0000000000000000     
          85   3.2999999999999998        5.0000000000000003E-002   0.0000000000000000     
          86   3.3999999999999999        5.0000000000000003E-002   0.0000000000000000     
          87   3.5000000000000000        5.0000000000000003E-002   0.0000000000000000     
          88   3.6000000000000001        5.0000000000000003E-002   0.0000000000000000     
          89   3.7000000000000002        5.0000000000000003E-002   0.0000000000000000     
          90   3.7999999999999998        5.0000000000000003E-002   0.0000000000000000     
          91   3.8999999999999999        5.0000000000000003E-002   0.0000000000000000     
          92   4.0000000000000000        5.0000000000000003E-002   0.0000000000000000     
          93   4.0999999999999996        5.0000000000000003E-002   0.0000000000000000     
          94   4.2000000000000002        5.0000000000000003E-002   0.0000000000000000     
          95   4.2999999999999998        5.0000000000000003E-002   0.0000000000000000     
          96   4.4000000000000004        5.0000000000000003E-002   0.0000000000000000     
          97   4.5000000000000000        5.0000000000000003E-002   0.0000000000000000     
          98   4.5999999999999996        5.0000000000000003E-002   0.0000000000000000     
          99   4.7000000000000002        5.0000000000000003E-002   0.0000000000000000     
         100   4.7999999999999998        5.0000000000000003E-002   0.0000000000000000     
         101   4.9000000000000004        5.0000000000000003E-002   0.0000000000000000     
         102   5.0000000000000000        5.0000000000000003E-002   0.0000000000000000     
         103   0.0000000000000000       0.10000000000000001        0.0000000000000000     
         104  0.10000000000000001       0.10000000000000001        0.0000000000000000     
         105  0.20000000000000001       0.10000000000000001        0.0000000000000000     
         106  0.29999999999999999       0.10000000000000001        0.0000000000000000     
         107  0.40000000000000002       0.10000000000000001        0.0000000000000000     
         108  0.50000000000000000       0.10000000000000001        0.0000000000000000     
         109  0.59999999999999998       0.10000000000000001        0.0000000000000000     
         110  0.69999999999999996       0.10000000000000001        0.0000000000000000     
         111  0.80000000000000004       0.10000000000000001        0.0000000000000000     
         112  0.90000000000000002       0.10000000000000001        0.0000000000000000     
         113   1.0000000000000000       0.10000000000000001        0.0000000000000000     
         114   1.1000000000000001       0.10000000000000001        0.0000000000000000     
         115   1.2000000000000000       0.10000000000000001        0.0000000000000000     
         116   1.3000000000000000       0.10000000000000001        0.0000000000000000     
         117   1.3999999999999999       0.10000000000000001        0.0000000000000000     
         118   1.5000000000000000       0.10000000000000001        0.0000000000000000     
         119   1.6000000000000001       0.10000000000000001        0.0000000000000000     
         120   1.7000000000000000       0.10000000000000001        0.0000000000000000     
         121   1.8000000000000000       0.10000000000000001        0.0000000000000000     
         122   1.8999999999999999       0.10000000000000001        0.0000000000000000     
         123   2.0000000000000000       0.10000000000000001        0.0000000000000000     
         124   2.1000000000000001       0.10000000000000001        0.0000000000000000     
         125   2.2000000000000002       0.10000000000000001        0.0000000000000000     
         126   2.2999999999999998       0.10000000000000001        0.0000000000000000     
         127   2.3999999999999999       0.10000000000000001        0.0000000000000000     
         128   2.5000000000000000       0.10000000000000001        0.0000000000000000     
         129   2.6000000000000001       0.10000000000000001        0.0000000000000000     
         130   2.7000000000000002       0.10000000000000001        0.0000000000000000     
         131   2.7999999999999998       0.10000000000000001        0.0000000000000000     
         132   2.8999999999999999       0.10000000000000001        0.0000000000000000     
         133   3.0000000000000000       0.10000000000000001        0.0000000000000000     
         134   3.1000000000000001       0.10000000000000001        0.0000000000000000     
         135   3.2000000000000002       0.10000000000000001        0.0000000000000000     
         136   3.2999999999999998       0.10000000000000001        0.0000000000000000     
         137   3.3999999999999999       0.10000000000000001        0.0000000000000000     
         138   3.5000000000000000       0.10000000000000001        0.0000000000000000     
         139   3.6000000000000001       0.10000000000000001        0.0000000000000000     
         140   3.7000000000000002       0.10000000000000001        0.0000000000000000     
         141   3.7999999999999998       0.10000000000000001        0.0000000000000000     
         142   3.8999999999999999       0.10000000000000001        0.0000000000000000     
         143   4.0000000000000000       0.10000000000000001        0.0000000000000000     
         144   4.0999999999999996       0.10000000000000001        0.0000000000000000     
         145   4.2000000000000002       0.10000000000000001        0.0000000000000000     
         146   4.2999999999999998       0.10000000000000001        0.0000000000000000     
         147   4.4000000000000004       0.10000000000000001        0.0000000000000000     
         148   4.5000000000000000       0.10000000000000001        0.0000000000000000     
         149   4.5999999999999996       0.10000000000000001        0.0000000000000000     
         150   4.7000000000000002       0.10000000000000001        0.0000000000000000     
         151   4.7999999999999998       0.10000000000000001        0.0000000000000000     
         152   4.9000000000000004       0.10000000000000001        0.0000000000000000     
         153   5.0000000000000000       0.10000000000000001        0.0000000000000000     
         154   0.0000000000000000       0.14999999999999999        0.0000000000000000     
         155  0.10000000000000001       0.14999999999999999        0.0000000000000000     
         156  0.20000000000000001       0.14999999999999999        0.0000000000000000     
         157  0.29999999999999999       0.14999999999999999        0.0000000000000000     
         158  0.40000000000000002       0.14999999999999999        0.0000000000000000     
         159  0.50000000000000000       0.14999999999999999        0.0000000000000000     
         160  0.59999999999999998       0.14999999999999999        0.0000000000000000     
         161  0.69999999999999996       0.14999999999999999        0.0000000000000000     
         162  0.80000000000000004       0.14999999999999999        0.0000000000000000     
         163  0.90000000000000002       0.14999999999999999        0.0000000000000000     
         164   1.0000000000000000       0.14999999999999999        0.0000000000000000     
         165   1.1000000000000001       0.14999999999999999        0.0000000000000000     
         166   1.2000000000000000       0.14999999999999999        0.0000000000000000     
         167   1.3000000000000000       0.14999999999999999        0.0000000000000000     
         168   1.3999999999999999       0.14999999999999999        0.0000000000000000     
         169   1.5000000000000000       0.14999999999999999        0.0000000000000000     
         170   1.6000000000000001       0.14999999999999999        0.0000000000000000     
         171   1.7000000000000000       0.14999999999999999        0.0000000000000000     
         172   1.8000000000000000       0.14999999999999999        0.0000000000000000     
         173   1.8999999999999999       0.14999999999999999        0.0000000000000000     
         174   2.0000000000000000       0.14999999999999999        0.0000000000000000     
         175   2.1000000000000001       0.14999999999999999        0.0000000000000000     
         176   2.2000000000000002       0.14999999999999999        0.0000000000000000     
         177   2.2999999999999998       0.14999999999999999        0.0000000000000000     
         178   2.3999999999999999       0.14999999999999999        0.0000000000000000     
         179   2.5000000000000000       0.14999999999999999        0.0000000000000000     
         180   2.6000000000000001       0.14999999999999999        0.0000000000000000     
         181   2.7000000000000002       0.14999999999999999        0.0000000000000000     
         182   2.7999999999999998       0.14999999999999999        0.0000000000000000     
         183   2.8999999999999999       0.14999999999999999        0.0000000000000000     
         184   3.0000000000000000       0.14999999999999999        0.0000000000000000     
         185   3.1000000000000001       0.14999999999999999        0.0000000000000000     
         186   3.2000000000000002       0.14999999999999999        0.0000000000000000     
         187   3.2999999999999998       0.14999999999999999        0.0000000000000000     
         188   3.3999999999999999       0.14999999999999999        0.0000000000000000     
         189   3.5000000000000000       0.14999999999999999        0.0000000000000000     
         190   3.6000000000000001       0.14999999999999999        0.0000000000000000     
         191   3.7000000000000002       0.14999999999999999        0.0000000000000000     
         192   3.7999999999999998       0.14999999999999999        0.0000000000000000     
         193   3.8999999999999999       0.14999999999999999        0.0000000000000000     
         194   4.0000000000000000       0.14999999999999999        0.0000000000000000     
         195   4.0999999999999996       0.14999999999999999        0.0000000000000000     
         196   4.2000000000000002       0.14999999999999999        0.0000000000000000     
         197   4.2999999999999998       0.14999999999999999        0.0000000000000000     
         198   4.4000000000000004       0.14999999999999999        0.0000000000000000     
         199   4.5000000000000000       0.14999999999999999        0.0000000000000000     
         200   4.5999999999999996       0.14999999999999999        0.0000000000000000     
         201   4.7000000000000002       0.14999999999999999        0.0000000000000000     
         202   4.7999999999999998       0.14999999999999999        0.0000000000000000     
         203   4.9000000000000004       0.14999999999999999        0.0000000000000000     
         204   5.0000000000000000       0.14999999999999999        0.0000000000000000     
         205   0.0000000000000000       0.20000000000000001        0.0000000000000000     
         206  0.10000000000000001       0.20000000000000001        0.0000000000000000     
         207  0.20000000000000001       0.20000000000000001        0.0000000000000000     
         208  0.29999999999999999       0.20000000000000001        0.0000000000000000     
         209  0.40000000000000002       0.20000000000000001        0.0000000000000000     
         210  0.50000000000000000       0.20000000000000001        0.0000000000000000     
         211  0.59999999999999998       0.20000000000000001        0.0000000000000000     
         212  0.69999999999999996       0.20000000000000001        0.0000000000000000     
         213  0.80000000000000004       0.20000000000000001        0.0000000000000000     
         214  0.90000000000000002       0.20000000000000001        0.0000000000000000     
         215   1.0000000000000000       0.20000000000000001        0.0000000000000000     
         216   1.1000000000000001       0.20000000000000001        0.0000000000000000     
         217   1.2000000000000000       0.20000000000000001        0.0000000000000000     
         218   1.3000000000000000       0.20000000000000001        0.0000000000000000     
         219   1.3999999999999999       0.20000000000000001        0.0000000000000000     
         220   1.5000000000000000       0.20000000000000001        0.0000000000000000     
         221   1.6000000000000001       0.20000000000000001        0.0000000000000000     
         222   1.7000000000000000       0.20000000000000001        0.0000000000000000     
         223   1.8000000000000000       0.20000000000000001        0.0000000000000000     
         224   1.8999999999999999       0.20000000000000001        0.0000000000000000     
         225   2.0000000000000000       0.20000000000000001        0.0000000000000000     
         226   2.1000000000000001       0.20000000000000001        0.0000000000000000     
         227   2.2000000000000002       0.20000000000000001        0.0000000000000000     
         228   2.2999999999999998       0.20000000000000001        0.0000000000000000     
         229   2.3999999999999999       0.20000000000000001        0.0000000000000000     
         230   2.5000000000000000       0.20000000000000001        0.0000000000000000     
         231   2.6000000000000001       0.20000000000000001        0.0000000000000000     
         232   2.7000000000000002       0.20000000000000001        0.0000000000000000     
         233   2.7999999999999998       0.20000000000000001        0.0000000000000000     
         234   2.8999999999999999       0.20000000000000001        0.0000000000000000     
         235   3.0000000000000000       0.20000000000000001        0.0000000000000000     
         236   3.1000000000000001       0.20000000000000001        0.0000000000000000     
         237   3.2000000000000002       0.20000000000000001        0.0000000000000000     
         238   3.2999999999999998       0.20000000000000001        0.0000000000000000     
         239   3.3999999999999999       0.20000000000000001        0.0000000000000000     
         240   3.5000000000000000       0.20000000000000001        0.0000000000000000     
         241   3.6000000000000001       0.20000000000000001        0.0000000000000000     
         242   3.7000000000000002       0.20000000000000001        0.0000000000000000     
         243   3.7999999999999998       0.20000000000000001        0.0000000000000000     
         244   3.8999999999999999       0.20000000000000001        0.0000000000000000     
         245   4.0000000000000000       0.20000000000000001        0.0000000000000000     
         246   4.0999999999999996       0.20000000000000001        0.0000000000000000     
         247   4.2000000000000002       0.20000000000000001        0.0000000000000000     
         248   4.2999999999999998       0.20000000000000001        0.0000000000000000     
         249   4.4000000000000004       0.20000000000000001        0.0000000000000000     
         250   4.5000000000000000       0.20000000000000001        0.0000000000000000     
         251   4.5999999999999996       0.20000000000000001        0.0000000000000000     
         252   4.7000000000000002       0.20000000000000001        0.0000000000000000     
         253   4.7999999999999998       0.20000000000000001        0.0000000000000000     
         254   4.9000000000000004       0.20000000000000001        0.0000000000000000     
         255   5.0000000000000000       0.20000000000000001        0.0000000000000000     
         256   0.0000000000000000       0.25000000000000000        0.0000000000000000     
         257  0.10000000000000001       0.25000000000000000        0.0000000000000000     
         258  0.20000000000000001       0.25000000000000000        0.0000000000000000     
         259  0.29999999999999999       0.25000000000000000        0.0000000000000000     
         260  0.40000000000000002       0.25000000000000000        0.0000000000000000     
         261  0.50000000000000000       0.25000000000000000        0.0000000000000000     
         262  0.59999999999999998       0.25000000000000000        0.0000000000000000     
         263  0.69999999999999996       0.25000000000000000        0.0000000000000000     
         264  0.80000000000000004       0.25000000000000000        0.0000000000000000     
         265  0.90000000000000002       0.25000000000000000        0.0000000000000000     
         266   1.0000000000000000       0.25000000000000000        0.0000000000000000     
         267   1.1000000000000001       0.25000000000000000        0.0000000000000000     
         268   1.2000000000000000       0.25000000000000000        0.0000000000000000     
         269   1.3000000000000000       0.25000000000000000        0.0000000000000000     
         270   1.3999999999999999       0.25000000000000000        0.0000000000000000     
         271   1.5000000000000000       0.25000000000000000        0.0000000000000000     
         272   1.6000000000000001       0.25000000000000000        0.0000000000000000     
         273   1.7000000000000000       0.25000000000000000        0.0000000000000000     
         274   1.8000000000000000       0.25000000000000000        0.0000000000000000     
         275   1.8999999999999999       0.25000000000000000        0.0000000000000000     
         276   2.0000000000000000       0.25000000000000000        0.0000000000000000     
         277   2.1000000000000001       0.25000000000000000        0.0000000000000000     
         278   2.2000000000000002       0.25000000000000000        0.0000000000000000     
         279   2.2999999999999998       0.25000000000000000        0.0000000000000000     
         280   2.3999999999999999       0.25000000000000000        0.0000000000000000     
         281   2.5000000000000000       0.25000000000000000        0.0000000000000000     
         282   2.6000000000000001       0.25000000000000000        0.0000000000000000     
         283   2.7000000000000002       0.25000000000000000        0.0000000000000000     
         284   2.7999999999999998       0.25000000000000000        0.0000000000000000     
         285   2.8999999999999999       0.25000000000000000        0.0000000000000000     
         286   3.0000000000000000       0.25000000000000000        0.0000000000000000     
         287   3.1000000000000001       0.25000000000000000        0.0000000000000000     
         288   3.2000000000000002       0.25000000000000000        0.0000000000000000     
         289   3.2999999999999998       0.25000000000000000        0.0000000000000000     
         290   3.3999999999999999       0.25000000000000000        0.0000000000000000     
         291   3.5000000000000000       0.25000000000000000        0.0000000000000000     
         292   3.6000000000000001       0.25000000000000000        0.0000000000000000     
         293   3.7000000000000002       0.25000000000000000        0.0000000000000000     
         294   3.7999999999999998       0.25000000000000000        0.0000000000000000     
         295   3.8999999999999999       0.25000000000000000        0.0000000000000000     
         296   4.0000000000000000       0.25000000000000000        0.0000000000000000     
         297   4.0999999999999996       0.25000000000000000        0.0000000000000000     
         298   4.2000000000000002       0.25000000000000000        0.0000000000000000     
         299   4.2999999999999998       0.25000000000000000        0.0000000000000000     
         300   4.4000000000000004       0.25000000000000000        0.0000000000000000     
         301   4.5000000000000000       0.25000000000000000        0.0000000000000000     
         302   4.5999999999999996       0.25000000000000000        0.0000000000000000     
         303   4.7000000000000002       0.25000000000000000        0.0000000000000000     
         304   4.7999999999999998       0.25000000000000000        0.0000000000000000     
         305   4.9000000000000004       0.25000000000000000        0.0000000000000000     
         306   5.0000000000000000       0.25000000000000000        0.0000000000000000     
         307   0.0000000000000000       0.29999999999999999        0.0000000000000000     
         308  0.10000000000000001       0.29999999999999999        0.0000000000000000     
         309  0.20000000000000001       0.29999999999999999        0.0000000000000000     
         310  0.29999999999999999       0.29999999999999999        0.0000000000000000     
         311  0.40000000000000002       0.29999999999999999        0.0000000000000000     
         312  0.50000000000000000       0.29999999999999999        0.0000000000000000     
         313  0.59999999999999998       0.29999999999999999        0.0000000000000000     
         314  0.69999999999999996       0.29999999999999999        0.0000000000000000     
         315  0.80000000000000004       0.29999999999999999        0.0000000000000000     
         316  0.90000000000000002       0.29999999999999999        0.0000000000000000     
         317   1.0000000000000000       0.29999999999999999        0.0000000000000000     
         318   1.1000000000000001       0.29999999999999999        0.0000000000000000     
         319   1.2000000000000000       0.29999999999999999        0.0000000000000000     
         320   1.3000000000000000       0.29999999999999999        0.0000000000000000     
         321   1.3999999999999999       0.29999999999999999        0.0000000000000000     
         322   1.5000000000000000       0.29999999999999999        0.0000000000000000     
         323   1.6000000000000001       0.29999999999999999        0.0000000000000000     
         324   1.7000000000000000       0.29999999999999999        0.0000000000000000     
         325   1.8000000000000000       0.29999999999999999        0.0000000000000000     
         326   1.8999999999999999       0.29999999999999999        0.0000000000000000     
         327   2.0000000000000000       0.29999999999999999        0.0000000000000000     
         328   2.1000000000000001       0.29999999999999999        0.0000000000000000     
         329   2.2000000000000002       0.29999999999999999        0.0000000000000000     
         330   2.2999999999999998       0.29999999999999999        0.0000000000000000     
         331   2.3999999999999999       0.29999999999999999        0.0000000000000000     
         332   2.5000000000000000       0.29999999999999999        0.0000000000000000     
         333   2.6000000000000001       0.29999999999999999        0.0000000000000000     
         334   2.7000000000000002       0.29999999999999999        0.0000000000000000     
         335   2.7999999999999998       0.29999999999999999        0.0000000000000000     
         336   2.8999999999999999       0.29999999999999999        0.0000000000000000     
         337   3.0000000000000000       0.29999999999999999        0.0000000000000000     
         338   3.1000000000000001       0.29999999999999999        0.0000000000000000     
         339   3.2000000000000002       0.29999999999999999        0.0000000000000000     
         340   3.2999999999999998       0.29999999999999999        0.0000000000000000     
         341   3.3999999999999999       0.29999999999999999        0.0000000000000000     
         342   3.5000000000000000       0.29999999999999999        0.0000000000000000     
         343   3.6000000000000001       0.29999999999999999        0.0000000000000000     
         344   3.7000000000000002       0.29999999999999999        0.0000000000000000     
         345   3.7999999999999998       0.29999999999999999        0.0000000000000000     
         346   3.8999999999999999       0.29999999999999999        0.0000000000000000     
         347   4.0000000000000000       0.29999999999999999        0.0000000000000000     
         348   4.0999999999999996       0.29999999999999999        0.0000000000000000     
         349   4.2000000000000002       0.29999999999999999        0.0000000000000000     
         350   4.2999999999999998       0.29999999999999999        0.0000000000000000     
         351   4.4000000000000004       0.29999999999999999        0.0000000000000000     
         352   4.5000000000000000       0.29999999999999999        0.0000000000000000     
         353   4.5999999999999996       0.29999999999999999        0.0000000000000000     
         354   4.7000000000000002       0.29999999999999999        0.0000000000000000     
         355   4.7999999999999998       0.29999999999999999        0.0000000000000000     
         356   4.9000000000000004       0.29999999999999999        0.0000000000000000     
         357   5.0000000000000000       0.29999999999999999        0.0000000000000000     
         358   0.0000000000000000       0.34999999999999998        0.0000000000000000     
         359  0.10000000000000001       0.34999999999999998        0.0000000000000000     
         360  0.20000000000000001       0.34999999999999998        0.0000000000000000     
         361  0.29999999999999999       0.34999999999999998        0.0000000000000000     
         362  0.40000000000000002       0.34999999999999998        0.0000000000000000     
         363  0.50000000000000000       0.34999999999999998        0.0000000000000000     
         364  0.59999999999999998       0.34999999999999998        0.0000000000000000     
         365  0.69999999999999996       0.34999999999999998        0.0000000000000000     
         366  0.80000000000000004       0.34999999999999998        0.0000000000000000     
         367  0.90000000000000002       0.34999999999999998        0.0000000000000000     
         368   1.0000000000000000       0.34999999999999998        0.0000000000000000     
         369   1.1000000000000001       0.34999999999999998        0.0000000000000000     
         370   1.2000000000000000       0.34999999999999998        0.0000000000000000     
         371   1.3000000000000000       0.34999999999999998        0.0000000000000000     
         372   1.3999999999999999       0.34999999999999998        0.0000000000000000     
         373   1.5000000000000000       0.34999999999999998        0.0000000000000000     
         374   1.6000000000000001       0.34999999999999998        0.0000000000000000     
         375   1.7000000000000000       0.34999999999999998        0.0000000000000000     
         376   1.8000000000000000       0.34999999999999998        0.0000000000000000     
         377   1.8999999999999999       0.34999999999999998        0.0000000000000000     
         378   2.0000000000000000       0.34999999999999998        0.0000000000000000     
         379   2.1000000000000001       0.34999999999999998        0.0000000000000000     
         380   2.2000000000000002       0.34999999999999998        0.0000000000000000     
         381   2.2999999999999998       0.34999999999999998        0.0000000000000000     
         382   2.3999999999999999       0.34999999999999998        0.0000000000000000     
         383   2.5000000000000000       0.34999999999999998        0.0000000000000000     
         384   2.6000000000000001       0.34999999999999998        0.0000000000000000     
         385   2.7000000000000002       0.34999999999999998        0.0000000000000000     
         386   2.7999999999999998       0.34999999999999998        0.0000000000000000     
         387   2.8999999999999999       0.34999999999999998        0.0000000000000000     
         388   3.0000000000000000       0.34999999999999998        0.0000000000000000     
         389   3.1000000000000001       0.34999999999999998        0.0000000000000000     
         390   3.2000000000000002       0.34999999999999998        0.0000000000000000     
         391   3.2999999999999998       0.34999999999999998        0.0000000000000000     
         392   3.3999999999999999       0.34999999999999998        0.0000000000000000     
         393   3.5000000000000000       0.34999999999999998        0.0000000000000000     
         394   3.6000000000000001       0.34999999999999998        0.0000000000000000     
         395   3.7000000000000002       0.34999999999999998        0.0000000000000000     
         396   3.7999999999999998       0.34999999999999998        0.0000000000000000     
         397   3.8999999999999999       0.34999999999999998        0.0000000000000000     
         398   4.0000000000000000       0.34999999999999998        0.0000000000000000     
         399   4.0999999999999996       0.34999999999999998        0.0000000000000000     
         400   4.2000000000000002       0.34999999999999998        0.0000000000000000     
         401   4.2999999999999998       0.34999999999999998        0.0000000000000000     
         402   4.4000000000000004       0.34999999999999998        0.0000000000000000     
         403   4.5000000000000000       0.34999999999999998        0.0000000000000000     
         404   4.5999999999999996       0.34999999999999998        0.0000000000000000     
         405   4.7000000000000002       0.34999999999999998        0.0000000000000000     
         406   4.7999999999999998       0.34999999999999998        0.0000000000000000     
         407   4.9000000000000004       0.34999999999999998        0.0000000000000000     
         408   5.0000000000000000       0.34999999999999998        0.0000000000000000     
         409   0.0000000000000000       0.40000000000000002        0.0000000000000000     
         410  0.10000000000000001       0.40000000000000002        0.0000000000000000     
         411  0.20000000000000001       0.40000000000000002        0.0000000000000000     
         412  0.29999999999999999       0.40000000000000002        0.0000000000000000     
         413  0.40000000000000002       0.40000000000000002        0.0000000000000000     
         414  0.50000000000000000       0.40000000000000002        0.0000000000000000     
         415  0.59999999999999998       0.40000000000000002        0.0000000000000000     
         416  0.69999999999999996       0.40000000000000002        0.0000000000000000     
         417  0.80000000000000004       0.40000000000000002        0.0000000000000000     
         418  0.90000000000000002       0.40000000000000002        0.0000000000000000     
         419   1.0000000000000000       0.40000000000000002        0.0000000000000000     
         420   1.1000000000000001       0.40000000000000002        0.0000000000000000     
         421   1.2000000000000000       0.40000000000000002        0.0000000000000000     
         422   1.3000000000000000       0.40000000000000002        0.0000000000000000     
         423   1.3999999999999999       0.40000000000000002        0.0000000000000000     
         424   1.5000000000000000       0.40000000000000002        0.0000000000000000     
         425   1.6000000000000001       0.40000000000000002        0.0000000000000000     
         426   1.7000000000000000       0.40000000000000002        0.0000000000000000     
         427   1.8000000000000000       0.40000000000000002        0.0000000000000000     
         428   1.8999999999999999       0.40000000000000002        0.0000000000000000     
         429   2.0000000000000000       0.40000000000000002        0.0000000000000000     
         430   2.1000000000000001       0.40000000000000002        0.0000000000000000     
         431   2.2000000000000002       0.40000000000000002        0.0000000000000000     
         432   2.2999999999999998       0.40000000000000002        0.0000000000000000     
         433   2.3999999999999999       0.40000000000000002        0.0000000000000000     
         434   2.5000000000000000       0.40000000000000002        0.0000000000000000     
         435   2.6000000000000001       0.40000000000000002        0.0000000000000000     
         436   2.7000000000000002       0.40000000000000002        0.0000000000000000     
         437   2.7999999999999998       0.40000000000000002        0.0000000000000000     
         438   2.8999999999999999       0.40000000000000002        0.0000000000000000     
         439   3.0000000000000000       0.40000000000000002        0.0000000000000000     
         440   3.1000000000000001       0.40000000000000002        0.0000000000000000     
         441   3.2000000000000002       0.40000000000000002        0.0000000000000000     
         442   3.2999999999999998       0.40000000000000002        0.0000000000000000     
         443   3.3999999999999999       0.40000000000000002        0.0000000000000000     
         444   3.5000000000000000       0.40000000000000002        0.0000000000000000     
         445   3.6000000000000001       0.40000000000000002        0.0000000000000000     
         446   3.7000000000000002       0.40000000000000002        0.0000000000000000     
         447   3.7999999999999998       0.40000000000000002        0.0000000000000000     
         448   3.8999999999999999       0.40000000000000002        0.0000000000000000     
         449   4.0000000000000000       0.40000000000000002        0.0000000000000000     
         450   4.0999999999999996       0.40000000000000002        0.0000000000000000     
         451   4.2000000000000002       0.40000000000000002        0.0000000000000000     
         452   4.2999999999999998       0.40000000000000002        0.0000000000000000     
         453   4.4000000000000004       0.40000000000000002        0.0000000000000000     
         454   4.5000000000000000       0.40000000000000002        0.0000000000000000     
         455   4.5999999999999996       0.40000000000000002        0.0000000000000000     
         456   4.7000000000000002       0.40000000000000002        0.0000000000000000     
         457   4.7999999999999998       0.40000000000000002        0.0000000000000000     
         458   4.9000000000000004       0.40000000000000002        0.0000000000000000     
         459   5.0000000000000000       0.40000000000000002        0.0000000000000000     
         460   0.0000000000000000       0.45000000000000001        0.0000000000000000     
         461  0.10000000000000001       0.45000000000000001        0.0000000000000000     
         462  0.20000000000000001       0.45000000000000001        0.0000000000000000     
         463  0.29999999999999999       0.45000000000000001        0.0000000000000000     
         464  0.40000000000000002       0.45000000000000001        0.0000000000000000     
         465  0.50000000000000000       0.45000000000000001        0.0000000000000000     
         466  0.59999999999999998       0.45000000000000001        0.0000000000000000     
         467  0.69999999999999996       0.45000000000000001        0.0000000000000000     
         468  0.80000000000000004       0.45000000000000001        0.0000000000000000     
         469  0.90000000000000002       0.45000000000000001        0.0000000000000000     
         470   1.0000000000000000       0.45000000000000001        0.0000000000000000     
         471   1.5000000000000000       0.45000000000000001        0.0000000000000000     
         472   1.6000000000000001       0.45000000000000001        0.0000000000000000     
         473   1.7000000000000000       0.45000000000000001        0.0000000000000000     
         474   1.8000000000000000       0.45000000000000001        0.0000000000000000     
         475   1.8999999999999999       0.45000000000000001        0.0000000000000000     
         476   2.0000000000000000       0.45000000000000001        0.0000000000000000     
         477   2.1000000000000001       0.45000000000000001        0.0000000000000000     
         478   2.2000000000000002       0.45000000000000001        0.0000000000000000     
         479   2.2999999999999998       0.45000000000000001        0.0000000000000000     
         480   2.3999999999999999       0.45000000000000001        0.0000000000000000     
         481   2.5000000000000000       0.45000000000000001        0.0000000000000000     
         482   2.6000000000000001       0.45000000000000001        0.0000000000000000     
         483   2.7000000000000002       0.45000000000000001        0.0000000000000000     
         484   2.7999999999999998       0.45000000000000001        0.0000000000000000     
         485   2.8999999999999999       0.45000000000000001        0.0000000000000000     
         486   3.0000000000000000       0.45000000000000001        0.0000000000000000     
         487   3.1000000000000001       0.45000000000000001        0.0000000000000000     
         488   3.2000000000000002       0.45000000000000001        0.0000000000000000     
         489   3.2999999999999998       0.45000000000000001        0.0000000000000000     
         490   3.3999999999999999       0.45000000000000001        0.0000000000000000     
         491   3.5000000000000000       0.45000000000000001        0.0000000000000000     
         492   3.6000000000000001       0.45000000000000001        0.0000000000000000     
         493   3.7000000000000002       0.45000000000000001        0.0000000000000000     
         494   3.7999999999999998       0.45000000000000001        0.0000000000000000     
         495   3.8999999999999999       0.45000000000000001        0.0000000000000000     
         496   4.0000000000000000       0.45000000000000001        0.0000000000000000     
         497   4.0999999999999996       0.45000000000000001        0.0000000000000000     
         498   4.2000000000000002       0.45000000000000001        0.0000000000000000     
         499   4.2999999999999998       0.45000000000000001        0.0000000000000000     
         500   4.4000000000000004       0.45000000000000001        0.0000000000000000     
         501   4.5000000000000000       0.45000000000000001        0.0000000000000000     
         502   4.5999999999999996       0.45000000000000001        0.0000000000000000     
         503   4.7000000000000002       0.45000000000000001        0.0000000000000000     
         504   4.7999999999999998       0.45000000000000001        0.0000000000000000     
         505   4.9000000000000004       0.45000000000000001        0.0000000000000000     
         506   5.0000000000000000       0.45000000000000001        0.0000000000000000     
         507   0.0000000000000000       0.50000000000000000        0.0000000000000000     
         508  0.10000000000000001       0.50000000000000000        0.0000000000000000     
         509  0.20000000000000001       0.50000000000000000        0.0000000000000000     
         510  0.29999999999999999       0.50000000000000000        0.0000000000000000     
         511  0.40000000000000002       0.50000000000000000        0.0000000000000000     
         512  0.50000000000000000       0.50000000000000000        0.0000000000000000     
         513  0.59999999999999998       0.50000000000000000        0.0000000000000000     
         514  0.69999999999999996       0.50000000000000000        0.0000000000000000     
         515  0.80000000000000004       0.50000000000000000        0.0000000000000000     
         516  0.90000000000000002       0.50000000000000000        0.0000000000000000     
         517   1.0000000000000000       0.50000000000000000        0.0000000000000000     
         518   1.5000000000000000       0.50000000000000000        0.0000000000000000     
         519   1.6000000000000001       0.50000000000000000        0.0000000000000000     
         520   1.7000000000000000       0.50000000000000000        0.0000000000000000     
         521   1.8000000000000000       0.50000000000000000        0.0000000000000000     
         522   1.8999999999999999       0.50000000000000000        0.0000000000000000     
         523   2.0000000000000000       0.50000000000000000        0.0000000000000000     
         524   2.1000000000000001       0.50000000000000000        0.0000000000000000     
         525   2.2000000000000002       0.50000000000000000        0.0000000000000000     
         526   2.2999999999999998       0.50000000000000000        0.0000000000000000     
         527   2.3999999999999999       0.50000000000000000        0.0000000000000000     
         528   2.5000000000000000       0.50000000000000000        0.0000000000000000     
         529   2.6000000000000001       0.50000000000000000        0.0000000000000000     
         530   2.7000000000000002       0.50000000000000000        0.0000000000000000     
         531   2.7999999999999998       0.50000000000000000        0.0000000000000000     
         532   2.8999999999999999       0.50000000000000000        0.0000000000000000     
         533   3.0000000000000000       0.50000000000000000        0.0000000000000000     
         534   3.1000000000000001       0.50000000000000000        0.0000000000000000     
         535   3.2000000000000002       0.50000000000000000        0.0000000000000000     
         536   3.2999999999999998       0.50000000000000000        0.0000000000000000     
         537   3.3999999999999999       0.50000000000000000        0.0000000000000000     
         538   3.5000000000000000       0.50000000000000000        0.0000000000000000     
         539   3.6000000000000001       0.50000000000000000        0.0000000000000000     
         540   3.7000000000000002       0.50000000000000000        0.0000000000000000     
         541   3.7999999999999998       0.50000000000000000        0.0000000000000000     
         542   3.8999999999999999       0.50000000000000000        0.0000000000000000     
         543   4.0000000000000000       0.50000000000000000        0.0000000000000000     
         544   4.0999999999999996       0.50000000000000000        0.0000000000000000     
         545   4.2000000000000002       0.50000000000000000        0.0000000000000000     
         546   4.2999999999999998       0.50000000000000000        0.0000000000000000     
         547   4.4000000000000004       0.50000000000000000        0.0000000000000000     
         548   4.5000000000000000       0.50000000000000000        0.0000000000000000     
         549   4.5999999999999996       0.50000000000000000        0.0000000000000000     
         550   4.7000000000000002       0.50000000000000000        0.0000000000000000     
         551   4.7999999999999998       0.50000000000000000        0.0000000000000000     
         552   4.9000000000000004       0.50000000000000000        0.0000000000000000     
         553   5.0000000000000000       0.50000000000000000        0.0000000000000000     
         554   0.0000000000000000       0.55000000000000004        0.0000000000000000     
         555  0.10000000000000001       0.55000000000000004        0.0000000000000000     
         556  0.20000000000000001       0.55000000000000004        0.0000000000000000     
         557  0.29999999999999999       0.55000000000000004        0.0000000000000000     
         558  0.40000000000000002       0.55000000000000004        0.0000000000000000     
         559  0.50000000000000000       0.55000000000000004        0.0000000000000000     
         560  0.59999999999999998       0.55000000000000004        0.0000000000000000     
         561  0.69999999999999996       0.55000000000000004        0.0000000000000000     
         562  0.80000000000000004       0.55000000000000004        0.0000000000000000     
         563  0.90000000000000002       0.55000000000000004        0.0000000000000000     
         564   1.0000000000000000       0.55000000000000004        0.0000000000000000     
         565   1.5000000000000000       0.55000000000000004        0.0000000000000000     
         566   1.6000000000000001       0.55000000000000004        0.0000000000000000     
         567   1.7000000000000000       0.55000000000000004        0.0000000000000000     
         568   1.8000000000000000       0.55000000000000004        0.0000000000000000     
         569   1.8999999999999999       0.55000000000000004        0.0000000000000000     
         570   2.0000000000000000       0.55000000000000004        0.0000000000000000     
         571   2.1000000000000001       0.55000000000000004        0.0000000000000000     
         572   2.2000000000000002       0.55000000000000004        0.0000000000000000     
         573   2.2999999999999998       0.55000000000000004        0.0000000000000000     
         574   2.3999999999999999       0.55000000000000004        0.0000000000000000     
         575   2.5000000000000000       0.55000000000000004        0.0000000000000000     
         576   2.6000000000000001       0.55000000000000004        0.0000000000000000     
         577   2.7000000000000002       0.55000000000000004        0.0000000000000000     
         578   2.7999999999999998       0.55000000000000004        0.0000000000000000     
         579   2.8999999999999999       0.55000000000000004        0.0000000000000000     
         580   3.0000000000000000       0.55000000000000004        0.0000000000000000     
         581   3.1000000000000001       0.55000000000000004        0.0000000000000000     
         582   3.2000000000000002       0.55000000000000004        0.0000000000000000     
         583   3.2999999999999998       0.55000000000000004        0.0000000000000000     
         584   3.3999999999999999       0.55000000000000004        0.0000000000000000     
         585   3.5000000000000000       0.55000000000000004        0.0000000000000000     
         586   3.6000000000000001       0.55000000000000004        0.0000000000000000     
         587   3.7000000000000002       0.55000000000000004        0.0000000000000000     
         588   3.7999999999999998       0.55000000000000004        0.0000000000000000     
         589   3.8999999999999999       0.55000000000000004        0.0000000000000000     
         590   4.0000000000000000       0.55000000000000004        0.0000000000000000     
         591   4.0999999999999996       0.55000000000000004        0.0000000000000000     
         592   4.2000000000000002       0.55000000000000004        0.0000000000000000     
         593   4.2999999999999998       0.55000000000000004        0.0000000000000000     
         594   4.4000000000000004       0.55000000000000004        0.0000000000000000     
         595   4.5000000000000000       0.55000000000000004        0.0000000000000000     
         596   4.5999999999999996       0.55000000000000004        0.0000000000000000     
         597   4.7000000000000002       0.55000000000000004        0.0000000000000000     
         598   4.7999999999999998       0.55000000000000004        0.0000000000000000     
         599   4.9000000000000004       0.55000000000000004        0.0000000000000000     
         600   5.0000000000000000       0.55000000000000004        0.0000000000000000     
         601   0.0000000000000000       0.59999999999999998        0.0000000000000000     
         602  0.10000000000000001       0.59999999999999998        0.0000000000000000     
         603  0.20000000000000001       0.59999999999999998        0.0000000000000000     
         604  0.29999999999999999       0.59999999999999998        0.0000000000000000     
         605  0.40000000000000002       0.59999999999999998        0.0000000000000000     
         606  0.50000000000000000       0.59999999999999998        0.0000000000000000     
         607  0.59999999999999998       0.59999999999999998        0.0000000000000000     
         608  0.69999999999999996       0.59999999999999998        0.0000000000000000     
         609  0.80000000000000004       0.59999999999999998        0.0000000000000000     
         610  0.90000000000000002       0.59999999999999998        0.0000000000000000     
         611   1.0000000000000000       0.59999999999999998        0.0000000000000000     
         612   1.1000000000000001       0.59999999999999998        0.0000000000000000     
         613   1.2000000000000000       0.59999999999999998        0.0000000000000000     
         614   1.3000000000000000       0.59999999999999998        0.0000000000000000     
         615   1.3999999999999999       0.59999999999999998        0.0000000000000000     
         616   1.5000000000000000       0.59999999999999998        0.0000000000000000     
         617   1.6000000000000001       0.59999999999999998        0.0000000000000000     
         618   1.7000000000000000       0.59999999999999998        0.0000000000000000     
         619   1.8000000000000000       0.59999999999999998        0.0000000000000000     
         620   1.8999999999999999       0.59999999999999998        0.0000000000000000     
         621   2.0000000000000000       0.59999999999999998        0.0000000000000000     
         622   2.1000000000000001       0.59999999999999998        0.0000000000000000     
         623   2.2000000000000002       0.59999999999999998        0.0000000000000000     
         624   2.2999999999999998       0.59999999999999998        0.0000000000000000     
         625   2.3999999999999999       0.59999999999999998        0.0000000000000000     
         626   2.5000000000000000       0.59999999999999998        0.0000000000000000     
         627   2.6000000000000001       0.59999999999999998        0.0000000000000000     
         628   2.7000000000000002       0.59999999999999998        0.0000000000000000     
         629   2.7999999999999998       0.59999999999999998        0.0000000000000000     
         630   2.8999999999999999       0.59999999999999998        0.0000000000000000     
         631   3.0000000000000000       0.59999999999999998        0.0000000000000000     
         632   3.1000000000000001       0.59999999999999998        0.0000000000000000     
         633   3.2000000000000002       0.59999999999999998        0.0000000000000000     
         634   3.2999999999999998       0.59999999999999998        0.0000000000000000     
         635   3.3999999999999999       0.59999999999999998        0.0000000000000000     
         636   3.5000000000000000       0.59999999999999998        0.0000000000000000     
         637   3.6000000000000001       0.59999999999999998        0.0000000000000000     
         638   3.7000000000000002       0.59999999999999998        0.0000000000000000     
         639   3.7999999999999998       0.59999999999999998        0.0000000000000000     
         640   3.8999999999999999       0.59999999999999998        0.0000000000000000     
         641   4.0000000000000000       0.59999999999999998        0.0000000000000000     
         642   4.0999999999999996       0.59999999999999998        0.0000000000000000     
         643   4.2000000000000002       0.59999999999999998        0.0000000000000000     
         644   4.2999999999999998       0.59999999999999998        0.0000000000000000     
         645   4.4000000000000004       0.59999999999999998        0.0000000000000000     
         646   4.5000000000000000       0.59999999999999998        0.0000000000000000     
         647   4.5999999999999996       0.59999999999999998        0.0000000000000000     
         648   4.7000000000000002       0.59999999999999998        0.0000000000000000     
         649   4.7999999999999998       0.59999999999999998        0.0000000000000000     
         650   4.9000000000000004       0.59999999999999998        0.0000000000000000     
         651   5.0000000000000000       0.59999999999999998        0.0000000000000000     
         652   0.0000000000000000       0.65000000000000002        0.0000000000000000     
         653  0.10000000000000001       0.65000000000000002        0.0000000000000000     
         654  0.20000000000000001       0.65000000000000002        0.0000000000000000     
         655  0.29999999999999999       0.65000000000000002        0.0000000000000000     
         656  0.40000000000000002       0.65000000000000002        0.0000000000000000     
         657  0.50000000000000000       0.65000000000000002        0.0000000000000000     
         658  0.59999999999999998       0.65000000000000002        0.0000000000000000     
         659  0.69999999999999996       0.65000000000000002        0.0000000000000000     
         660  0.80000000000000004       0.65000000000000002        0.0000000000000000     
         661  0.90000000000000002       0.65000000000000002        0.0000000000000000     
         662   1.0000000000000000       0.65000000000000002        0.0000000000000000     
         663   1.1000000000000001       0.65000000000000002        0.0000000000000000     
         664   1.2000000000000000       0.65000000000000002        0.0000000000000000     
         665   1.3000000000000000       0.65000000000000002        0.0000000000000000     
         666   1.3999999999999999       0.65000000000000002        0.0000000000000000     
         667   1.5000000000000000       0.65000000000000002        0.0000000000000000     
         668   1.6000000000000001       0.65000000000000002        0.0000000000000000     
         669   1.7000000000000000       0.65000000000000002        0.0000000000000000     
         670   1.8000000000000000       0.65000000000000002        0.0000000000000000     
         671   1.8999999999999999       0.65000000000000002        0.0000000000000000     
         672   2.0000000000000000       0.65000000000000002        0.0000000000000000     
         673   2.1000000000000001       0.65000000000000002        0.0000000000000000     
         674   2.2000000000000002       0.65000000000000002        0.0000000000000000     
         675   2.2999999999999998       0.65000000000000002        0.0000000000000000     
         676   2.3999999999999999       0.65000000000000002        0.0000000000000000     
         677   2.5000000000000000       0.65000000000000002        0.0000000000000000     
         678   2.6000000000000001       0.65000000000000002        0.0000000000000000     
         679   2.7000000000000002       0.65000000000000002        0.0000000000000000     
         680   2.7999999999999998       0.65000000000000002        0.0000000000000000     
         681   2.8999999999999999       0.65000000000000002        0.0000000000000000     
         682   3.0000000000000000       0.65000000000000002        0.0000000000000000     
         683   3.1000000000000001       0.65000000000000002        0.0000000000000000     
         684   3.2000000000000002       0.65000000000000002        0.0000000000000000     
         685   3.2999999999999998       0.65000000000000002        0.0000000000000000     
         686   3.3999999999999999       0.65000000000000002        0.0000000000000000     
         687   3.5000000000000000       0.65000000000000002        0.0000000000000000     
         688   3.6000000000000001       0.65000000000000002        0.0000000000000000     
         689   3.7000000000000002       0.65000000000000002        0.0000000000000000     
         690   3.7999999999999998       0.65000000000000002        0.0000000000000000     
         691   3.8999999999999999       0.65000000000000002        0.0000000000000000     
         692   4.0000000000000000       0.65000000000000002        0.0000000000000000     
         693   4.0999999999999996       0.65000000000000002        0.0000000000000000     
         694   4.2000000000000002       0.65000000000000002        0.0000000000000000     
         695   4.2999999999999998       0.65000000000000002        0.0000000000000000     
         696   4.4000000000000004       0.65000000000000002        0.0000000000000000     
         697   4.5000000000000000       0.65000000000000002        0.0000000000000000     
         698   4.5999999999999996       0.65000000000000002        0.0000000000000000     
         699   4.7000000000000002       0.65000000000000002        0.0000000000000000     
         700   4.7999999999999998       0.65000000000000002        0.0000000000000000     
         701   4.9000000000000004       0.65000000000000002        0.0000000000000000     
         702   5.0000000000000000       0.65000000000000002        0.0000000000000000     
         703   0.0000000000000000       0.69999999999999996        0.0000000000000000     
         704  0.10000000000000001       0.69999999999999996        0.0000000000000000     
         705  0.20000000000000001       0.69999999999999996        0.0000000000000000     
         706  0.29999999999999999       0.69999999999999996        0.0000000000000000     
         707  0.40000000000000002       0.69999999999999996        0.0000000000000000     
         708  0.50000000000000000       0.69999999999999996        0.0000000000000000     
         709  0.59999999999999998       0.69999999999999996        0.0000000000000000     
         710  0.69999999999999996       0.69999999999999996        0.0000000000000000     
         711  0.80000000000000004       0.69999999999999996        0.0000000000000000     
         712  0.90000000000000002       0.69999999999999996        0.0000000000000000     
         713   1.0000000000000000       0.69999999999999996        0.0000000000000000     
         714   1.1000000000000001       0.69999999999999996        0.0000000000000000     
         715   1.2000000000000000       0.69999999999999996        0.0000000000000000     
         716   1.3000000000000000       0.69999999999999996        0.0000000000000000     
         717   1.3999999999999999       0.69999999999999996        0.0000000000000000     
         718   1.5000000000000000       0.69999999999999996        0.0000000000000000     
         719   1.6000000000000001       0.69999999999999996        0.0000000000000000     
         720   1.7000000000000000       0.69999999999999996        0.0000000000000000     
         721   1.8000000000000000       0.69999999999999996        0.0000000000000000     
         722   1.8999999999999999       0.69999999999999996        0.0000000000000000     
         723   2.0000000000000000       0.69999999999999996        0.0000000000000000     
         724   2.1000000000000001       0.69999999999999996        0.0000000000000000     
         725   2.2000000000000002       0.69999999999999996        0.0000000000000000     
         726   2.2999999999999998       0.69999999999999996        0.0000000000000000     
         727   2.3999999999999999       0.69999999999999996        0.0000000000000000     
         728   2.5000000000000000       0.69999999999999996        0.0000000000000000     
         729   2.6000000000000001       0.69999999999999996        0.0000000000000000     
         730   2.7000000000000002       0.69999999999999996        0.0000000000000000     
         731   2.7999999999999998       0.69999999999999996        0.0000000000000000     
         732   2.8999999999999999       0.69999999999999996        0.0000000000000000     
         733   3.0000000000000000       0.69999999999999996        0.0000000000000000     
         734   3.1000000000000001       0.69999999999999996        0.0000000000000000     
         735   3.2000000000000002       0.69999999999999996        0.0000000000000000     
         736   3.2999999999999998       0.69999999999999996        0.0000000000000000     
         737   3.3999999999999999       0.69999999999999996        0.0000000000000000     
         738   3.5000000000000000       0.69999999999999996        0.0000000000000000     
         739   3.6000000000000001       0.69999999999999996        0.0000000000000000     
         740   3.7000000000000002       0.69999999999999996        0.0000000000000000     
         741   3.7999999999999998       0.69999999999999996        0.0000000000000000     
         742   3.8999999999999999       0.69999999999999996        0.0000000000000000     
         743   4.0000000000000000       0.69999999999999996        0.0000000000000000     
         744   4.0999999999999996       0.69999999999999996        0.0000000000000000     
         745   4.2000000000000002       0.69999999999999996        0.0000000000000000     
         746   4.2999999999999998       0.69999999999999996        0.0000000000000000     
         747   4.4000000000000004       0.69999999999999996        0.0000000000000000     
         748   4.5000000000000000       0.69999999999999996        0.0000000000000000     
         749   4.5999999999999996       0.69999999999999996        0.0000000000000000     
         750   4.7000000000000002       0.69999999999999996        0.0000000000000000     
         751   4.7999999999999998       0.69999999999999996        0.0000000000000000     
         752   4.9000000000000004       0.69999999999999996        0.0000000000000000     
         753   5.0000000000000000       0.69999999999999996        0.0000000000000000     
         754   0.0000000000000000       0.75000000000000000        0.0000000000000000     
         755  0.10000000000000001       0.75000000000000000        0.0000000000000000     
         756  0.20000000000000001       0.75000000000000000        0.0000000000000000     
         757  0.29999999999999999       0.75000000000000000        0.0000000000000000     
         758  0.40000000000000002       0.75000000000000000        0.0000000000000000     
         759  0.50000000000000000       0.75000000000000000        0.0000000000000000     
         760  0.59999999999999998       0.75000000000000000        0.0000000000000000     
         761  0.69999999999999996       0.75000000000000000        0.0000000000000000     
         762  0.80000000000000004       0.75000000000000000        0.0000000000000000     
         763  0.90000000000000002       0.75000000000000000        0.0000000000000000     
         764   1.0000000000000000       0.75000000000000000        0.0000000000000000     
         765   1.1000000000000001       0.75000000000000000        0.0000000000000000     
         766   1.2000000000000000       0.75000000000000000        0.0000000000000000     
         767   1.3000000000000000       0.75000000000000000        0.0000000000000000     
         768   1.3999999999999999       0.75000000000000000        0.0000000000000000     
         769   1.5000000000000000       0.75000000000000000        0.0000000000000000     
         770   1.6000000000000001       0.75000000000000000        0.0000000000000000     
         771   1.7000000000000000       0.75000000000000000        0.0000000000000000     
         772   1.8000000000000000       0.75000000000000000        0.0000000000000000     
         773   1.8999999999999999       0.75000000000000000        0.0000000000000000     
         774   2.0000000000000000       0.75000000000000000        0.0000000000000000     
         775   2.1000000000000001       0.75000000000000000        0.0000000000000000     
         776   2.2000000000000002       0.75000000000000000        0.0000000000000000     
         777   2.2999999999999998       0.75000000000000000        0.0000000000000000     
         778   2.3999999999999999       0.75000000000000000        0.0000000000000000     
         779   2.5000000000000000       0.75000000000000000        0.0000000000000000     
         780   2.6000000000000001       0.75000000000000000        0.0000000000000000     
         781   2.7000000000000002       0.75000000000000000        0.0000000000000000     
         782   2.7999999999999998       0.75000000000000000        0.0000000000000000     
         783   2.8999999999999999       0.75000000000000000        0.0000000000000000     
         784   3.0000000000000000       0.75000000000000000        0.0000000000000000     
         785   3.1000000000000001       0.75000000000000000        0.0000000000000000     
         786   3.2000000000000002       0.75000000000000000        0.0000000000000000     
         787   3.2999999999999998       0.75000000000000000        0.0000000000000000     
         788   3.3999999999999999       0.75000000000000000        0.0000000000000000     
         789   3.5000000000000000       0.75000000000000000        0.0000000000000000     
         790   3.6000000000000001       0.75000000000000000        0.0000000000000000     
         791   3.7000000000000002       0.75000000000000000        0.0000000000000000     
         792   3.7999999999999998       0.75000000000000000        0.0000000000000000     
         793   3.8999999999999999       0.75000000000000000        0.0000000000000000     
         794   4.0000000000000000       0.75000000000000000        0.0000000000000000     
         795   4.0999999999999996       0.75000000000000000        0.0000000000000000     
         796   4.2000000000000002       0.75000000000000000        0.0000000000000000     
         797   4.2999999999999998       0.75000000000000000        0.0000000000000000     
         798   4.4000000000000004       0.75000000000000000        0.0000000000000000     
         799   4.5000000000000000       0.75000000000000000        0.0000000000000000     
         800   4.5999999999999996       0.75000000000000000        0.0000000000000000     
         801   4.7000000000000002       0.75000000000000000        0.0000000000000000     
         802   4.7999999999999998       0.75000000000000000        0.0000000000000000     
         803   4.9000000000000004       0.75000000000000000        0.0000000000000000     
         804   5.0000000000000000       0.75000000000000000        0.0000000000000000     
         805   0.0000000000000000       0.80000000000000004        0.0000000000000000     
         806  0.10000000000000001       0.80000000000000004        0.0000000000000000     
         807  0.20000000000000001       0.80000000000000004        0.0000000000000000     
         808  0.29999999999999999       0.80000000000000004        0.0000000000000000     
         809  0.40000000000000002       0.80000000000000004        0.0000000000000000     
         810  0.50000000000000000       0.80000000000000004        0.0000000000000000     
         811  0.59999999999999998       0.80000000000000004        0.0000000000000000     
         812  0.69999999999999996       0.80000000000000004        0.0000000000000000     
         813  0.80000000000000004       0.80000000000000004        0.0000000000000000     
         814  0.90000000000000002       0.80000000000000004        0.0000000000000000     
         815   1.0000000000000000       0.80000000000000004        0.0000000000000000     
         816   1.1000000000000001       0.80000000000000004        0.0000000000000000     
         817   1.2000000000000000       0.80000000000000004        0.0000000000000000     
         818   1.3000000000000000       0.80000000000000004        0.0000000000000000     
         819   1.3999999999999999       0.80000000000000004        0.0000000000000000     
         820   1.5000000000000000       0.80000000000000004        0.0000000000000000     
         821   1.6000000000000001       0.80000000000000004        0.0000000000000000     
         822   1.7000000000000000       0.80000000000000004        0.0000000000000000     
         823   1.8000000000000000       0.80000000000000004        0.0000000000000000     
         824   1.8999999999999999       0.80000000000000004        0.0000000000000000     
         825   2.0000000000000000       0.80000000000000004        0.0000000000000000     
         826   2.1000000000000001       0.80000000000000004        0.0000000000000000     
         827   2.2000000000000002       0.80000000000000004        0.0000000000000000     
         828   2.2999999999999998       0.80000000000000004        0.0000000000000000     
         829   2.3999999999999999       0.80000000000000004        0.0000000000000000     
         830   2.5000000000000000       0.80000000000000004        0.0000000000000000     
         831   2.6000000000000001       0.80000000000000004        0.0000000000000000     
         832   2.7000000000000002       0.80000000000000004        0.0000000000000000     
         833   2.7999999999999998       0.80000000000000004        0.0000000000000000     
         834   2.8999999999999999       0.80000000000000004        0.0000000000000000     
         835   3.0000000000000000       0.80000000000000004        0.0000000000000000     
         836   3.1000000000000001       0.80000000000000004        0.0000000000000000     
         837   3.2000000000000002       0.80000000000000004        0.0000000000000000     
         838   3.2999999999999998       0.80000000000000004        0.0000000000000000     
         839   3.3999999999999999       0.80000000000000004        0.0000000000000000     
         840   3.5000000000000000       0.80000000000000004        0.0000000000000000     
         841   3.6000000000000001       0.80000000000000004        0.0000000000000000     
         842   3.7000000000000002       0.80000000000000004        0.0000000000000000     
         843   3.7999999999999998       0.80000000000000004        0.0000000000000000     
         844   3.8999999999999999       0.80000000000000004        0.0000000000000000     
         845   4.0000000000000000       0.80000000000000004        0.0000000000000000     
         846   4.0999999999999996       0.80000000000000004        0.0000000000000000     
         847   4.2000000000000002       0.80000000000000004        0.0000000000000000     
         848   4.2999999999999998       0.80000000000000004        0.0000000000000000     
         849   4.4000000000000004       0.80000000000000004        0.0000000000000000     
         850   4.5000000000000000       0.80000000000000004        0.0000000000000000     
         851   4.5999999999999996       0.80000000000000004        0.0000000000000000     
         852   4.7000000000000002       0.80000000000000004        0.0000000000000000     
         853   4.7999999999999998       0.80000000000000004        0.0000000000000000     
         854   4.9000000000000004       0.80000000000000004        0.0000000000000000     
         855   5.0000000000000000       0.80000000000000004        0.0000000000000000     
         856   0.0000000000000000       0.84999999999999998        0.0000000000000000     
         857  0.10000000000000001       0.84999999999999998        0.0000000000000000     
         858  0.20000000000000001       0.84999999999999998        0.0000000000000000     
         859  0.29999999999999999       0.84999999999999998        0.0000000000000000     
         860  0.40000000000000002       0.84999999999999998        0.0000000000000000     
         861  0.50000000000000000       0.84999999999999998        0.0000000000000000     
         862  0.59999999999999998       0.84999999999999998        0.0000000000000000     
         863  0.69999999999999996       0.84999999999999998        0.0000000000000000     
         864  0.80000000000000004       0.84999999999999998        0.0000000000000000     
         865  0.90000000000000002       0.84999999999999998        0.0000000000000000     
         866   1.0000000000000000       0.84999999999999998        0.0000000000000000     
         867   1.1000000000000001       0.84999999999999998        0.0000000000000000     
         868   1.2000000000000000       0.84999999999999998        0.0000000000000000     
         869   1.3000000000000000       0.84999999999999998        0.0000000000000000     
         870   1.3999999999999999       0.84999999999999998        0.0000000000000000     
         871   1.5000000000000000       0.84999999999999998        0.0000000000000000     
         872   1.6000000000000001       0.84999999999999998        0.0000000000000000     
         873   1.7000000000000000       0.84999999999999998        0.0000000000000000     
         874   1.8000000000000000       0.84999999999999998        0.0000000000000000     
         875   1.8999999999999999       0.84999999999999998        0.0000000000000000     
         876   2.0000000000000000       0.84999999999999998        0.0000000000000000     
         877   2.1000000000000001       0.84999999999999998        0.0000000000000000     
         878   2.2000000000000002       0.84999999999999998        0.0000000000000000     
         879   2.2999999999999998       0.84999999999999998        0.0000000000000000     
         880   2.3999999999999999       0.84999999999999998        0.0000000000000000     
         881   2.5000000000000000       0.84999999999999998        0.0000000000000000     
         882   2.6000000000000001       0.84999999999999998        0.0000000000000000     
         883   2.7000000000000002       0.84999999999999998        0.0000000000000000     
         884   2.7999999999999998       0.84999999999999998        0.0000000000000000     
         885   2.8999999999999999       0.84999999999999998        0.0000000000000000     
         886   3.0000000000000000       0.84999999999999998        0.0000000000000000     
         887   3.1000000000000001       0.84999999999999998        0.0000000000000000     
         888   3.2000000000000002       0.84999999999999998        0.0000000000000000     
         889   3.2999999999999998       0.84999999999999998        0.0000000000000000     
         890   3.3999999999999999       0.84999999999999998        0.0000000000000000     
         891   3.5000000000000000       0.84999999999999998        0.0000000000000000     
         892   3.6000000000000001       0.84999999999999998        0.0000000000000000     
         893   3.7000000000000002       0.84999999999999998        0.0000000000000000     
         894   3.7999999999999998       0.84999999999999998        0.0000000000000000     
         895   3.8999999999999999       0.84999999999999998        0.0000000000000000     
         896   4.0000000000000000       0.84999999999999998        0.0000000000000000     
         897   4.0999999999999996       0.84999999999999998        0.0000000000000000     
         898   4.2000000000000002       0.84999999999999998        0.0000000000000000     
         899   4.2999999999999998       0.84999999999999998        0.0000000000000000     
         900   4.4000000000000004       0.84999999999999998        0.0000000000000000     
         901   4.5000000000000000       0.84999999999999998        0.0000000000000000     
         902   4.5999999999999996       0.84999999999999998        0.0000000000000000     
         903   4.7000000000000002       0.84999999999999998        0.0000000000000000     
         904   4.7999999999999998       0.84999999999999998        0.0000000000000000     
         905   4.9000000000000004       0.84999999999999998        0.0000000000000000     
         906   5.0000000000000000       0.84999999999999998        0.0000000000000000     
         907   0.0000000000000000       0.90000000000000002        0.0000000000000000     
         908  0.10000000000000001       0.90000000000000002        0.0000000000000000     
         909  0.20000000000000001       0.90000000000000002        0.0000000000000000     
         910  0.29999999999999999       0.90000000000000002        0.0000000000000000     
         911  0.40000000000000002       0.90000000000000002        0.0000000000000000     
         912  0.50000000000000000       0.90000000000000002        0.0000000000000000     
         913  0.59999999999999998       0.90000000000000002        0.0000000000000000     
         914  0.69999999999999996       0.90000000000000002        0.0000000000000000     
         915  0.80000000000000004       0.90000000000000002        0.0000000000000000     
         916  0.90000000000000002       0.90000000000000002        0.0000000000000000     
         917   1.0000000000000000       0.90000000000000002        0.0000000000000000     
         918   1.1000000000000001       0.90000000000000002        0.0000000000000000     
         919   1.2000000000000000       0.90000000000000002        0.0000000000000000     
         920   1.3000000000000000       0.90000000000000002        0.0000000000000000     
         921   1.3999999999999999       0.90000000000000002        0.0000000000000000     
         922   1.5000000000000000       0.90000000000000002        0.0000000000000000     
         923   1.6000000000000001       0.90000000000000002        0.0000000000000000     
         924   1.7000000000000000       0.90000000000000002        0.0000000000000000     
         925   1.8000000000000000       0.90000000000000002        0.0000000000000000     
         926   1.8999999999999999       0.90000000000000002        0.0000000000000000     
         927   2.0000000000000000       0.90000000000000002        0.0000000000000000     
         928   2.1000000000000001       0.90000000000000002        0.0000000000000000     
         929   2.2000000000000002       0.90000000000000002        0.0000000000000000     
         930   2.2999999999999998       0.90000000000000002        0.0000000000000000     
         931   2.3999999999999999       0.90000000000000002        0.0000000000000000     
         932   2.5000000000000000       0.90000000000000002        0.0000000000000000     
         933   2.6000000000000001       0.90000000000000002        0.0000000000000000     
         934   2.7000000000000002       0.90000000000000002        0.0000000000000000     
         935   2.7999999999999998       0.90000000000000002        0.0000000000000000     
         936   2.8999999999999999       0.90000000000000002        0.0000000000000000     
         937   3.0000000000000000       0.90000000000000002        0.0000000000000000     
         938   3.1000000000000001       0.90000000000000002        0.0000000000000000     
         939   3.2000000000000002       0.90000000000000002        0.0000000000000000     
         940   3.2999999999999998       0.90000000000000002        0.0000000000000000     
         941   3.3999999999999999       0.90000000000000002        0.0000000000000000     
         942   3.5000000000000000       0.90000000000000002        0.0000000000000000     
         943   3.6000000000000001       0.90000000000000002        0.0000000000000000     
         944   3.7000000000000002       0.90000000000000002        0.0000000000000000     
         945   3.7999999999999998       0.90000000000000002        0.0000000000000000     
         946   3.8999999999999999       0.90000000000000002        0.0000000000000000     
         947   4.0000000000000000       0.90000000000000002        0.0000000000000000     
         948   4.0999999999999996       0.90000000000000002        0.0000000000000000     
         949   4.2000000000000002       0.90000000000000002        0.0000000000000000     
         950   4.2999999999999998       0.90000000000000002        0.0000000000000000     
         951   4.4000000000000004       0.90000000000000002        0.0000000000000000     
         952   4.5000000000000000       0.90000000000000002        0.0000000000000000     
         953   4.5999999999999996       0.90000000000000002        0.0000000000000000     
         954   4.7000000000000002       0.90000000000000002        0.0000000000000000     
         955   4.7999999999999998       0.90000000000000002        0.0000000000000000     
         956   4.9000000000000004       0.90000000000000002        0.0000000000000000     
         957   5.0000000000000000       0.90000000000000002        0.0000000000000000     
         958   0.0000000000000000       0.94999999999999996        0.0000000000000000     
         959  0.10000000000000001       0.94999999999999996        0.0000000000000000     
         960  0.20000000000000001       0.94999999999999996        0.0000000000000000     
         961  0.29999999999999999       0.94999999999999996        0.0000000000000000     
         962  0.40000000000000002       0.94999999999999996        0.0000000000000000     
         963  0.50000000000000000       0.94999999999999996        0.0000000000000000     
         964  0.59999999999999998       0.94999999999999996        0.0000000000000000     
         965  0.69999999999999996       0.94999999999999996        0.0000000000000000     
         966  0.80000000000000004       0.94999999999999996        0.0000000000000000     
         967  0.90000000000000002       0.94999999999999996        0.0000000000000000     
         968   1.0000000000000000       0.94999999999999996        0.0000000000000000     
         969   1.1000000000000001       0.94999999999999996        0.0000000000000000     
         970   1.2000000000000000       0.94999999999999996        0.0000000000000000     
         971   1.3000000000000000       0.94999999999999996        0.0000000000000000     
         972   1.3999999999999999       0.94999999999999996        0.0000000000000000     
         973   1.5000000000000000       0.94999999999999996        0.0000000000000000     
         974   1.6000000000000001       0.94999999999999996        0.0000000000000000     
         975   1.7000000000000000       0.94999999999999996        0.0000000000000000     
         976   1.8000000000000000       0.94999999999999996        0.0000000000000000     
         977   1.8999999999999999       0.94999999999999996        0.0000000000000000     
         978   2.0000000000000000       0.94999999999999996        0.0000000000000000     
         979   2.1000000000000001       0.94999999999999996        0.0000000000000000     
         980   2.2000000000000002       0.94999999999999996        0.0000000000000000     
         981   2.2999999999999998       0.94999999999999996        0.0000000000000000     
         982   2.3999999999999999       0.94999999999999996        0.0000000000000000     
         983   2.5000000000000000       0.94999999999999996        0.0000000000000000     
         984   2.6000000000000001       0.94999999999999996        0.0000000000000000     
         985   2.7000000000000002       0.94999999999999996        0.0000000000000000     
         986   2.7999999999999998       0.94999999999999996        0.0000000000000000     
         987   2.8999999999999999       0.94999999999999996        0.0000000000000000     
         988   3.0000000000000000       0.94999999999999996        0.0000000000000000     
         989   3.1000000000000001       0.94999999999999996        0.0000000000000000     
         990   3.2000000000000002       0.94999999999999996        0.0000000000000000     
         991   3.2999999999999998       0.94999999999999996        0.0000000000000000     
         992   3.3999999999999999       0.94999999999999996        0.0000000000000000     
         993   3.5000000000000000       0.94999999999999996        0.0000000000000000     
         994   3.6000000000000001       0.94999999999999996        0.0000000000000000     
         995   3.7000000000000002       0.94999999999999996        0.0000000000000000     
         996   3.7999999999999998       0.94999999999999996        0.0000000000000000     
         997   3.8999999999999999       0.94999999999999996        0.0000000000000000     
         998   4.0000000000000000       0.94999999999999996        0.0000000000000000     
         999   4.0999999999999996       0.94999999999999996        0.0000000000000000     
        1000   4.2000000000000002       0.94999999999999996        0.0000000000000000     
        1001   4.2999999999999998       0.94999999999999996        0.0000000000000000     
        1002   4.4000000000000004       0.94999999999999996        0.0000000000000000     
        1003   4.5000000000000000       0.94999999999999996        0.0000000000000000     
        1004   4.5999999999999996       0.94999999999999996        0.0000000000000000     
        1005   4.7000000000000002       0.94999999999999996        0.0000000000000000     
        1006   4.7999999999999998       0.94999999999999996        0.0000000000000000     
        1007   4.9000000000000004       0.94999999999999996        0.0000000000000000     
        1008   5.0000000000000000       0.94999999999999996        0.0000000000000000     
        1009   0.0000000000000000        1.0000000000000000        0.0000000000000000     
        1010  0.10000000000000001        1.0000000000000000        0.0000000000000000     
        1011  0.20000000000000001        1.0000000000000000        0.0000000000000000     
        1012  0.29999999999999999        1.0000000000000000        0.0000000000000000     
        1013  0.40000000000000002        1.0000000000000000        0.0000000000000000     
        1014  0.50000000000000000        1.0000000000000000        0.0000000000000000     
        1015  0.59999999999999998        1.0000000000000000        0.0000000000000000     
        1016  0.69999999999999996        1.0000000000000000        0.0000000000000000     
        1017  0.80000000000000004        1.0000000000000000        0.0000000000000000     
        1018  0.90000000000000002        1.0000000000000000        0.0000000000000000     
        1019   1.0000000000000000        1.0000000000000000        0.0000000000000000     
        1020   1.1000000000000001        1.0000000000000000        0.0000000000000000     
        1021   1.2000000000000000        1.0000000000000000        0.0000000000000000     
        1022   1.3000000000000000        1.0000000000000000        0.0000000000000000     
        1023   1.3999999999999999        1.0000000000000000        0.0000000000000000     
        1024   1.5000000000000000        1.0000000000000000        0.0000000000000000     
        1025   1.6000000000000001        1.0000000000000000        0.0000000000000000     
        1026   1.7000000000000000        1.0000000000000000        0.0000000000000000     
        1027   1.8000000000000000        1.0000000000000000        0.0000000000000000     
        1028   1.8999999999999999        1.0000000000000000        0.0000000000000000     
        1029   2.0000000000000000        1.0000000000000000        0.0000000000000000     
        1030   2.1000000000000001        1.0000000000000000        0.0000000000000000     
        1031   2.2000000000000002        1.0000000000000000        0.0000000000000000     
        1032   2.2999999999999998        1.0000000000000000        0.0000000000000000     
        1033   2.3999999999999999        1.0000000000000000        0.0000000000000000     
        1034   2.5000000000000000        1.0000000000000000        0.0000000000000000     
        1035   2.6000000000000001        1.0000000000000000        0.0000000000000000     
        1036   2.7000000000000002        1.0000000000000000        0.0000000000000000     
        1037   2.7999999999999998        1.0000000000000000        0.0000000000000000     
        1038   2.8999999999999999        1.0000000000000000        0.0000000000000000     
        1039   3.0000000000000000        1.0000000000000000        0.0000000000000000     
        1040   3.1000000000000001        1.0000000000000000        0.0000000000000000     
        1041   3.2000000000000002        1.0000000000000000        0.0000000000000000     
        1042   3.2999999999999998        1.0000000000000000        0.0000000000000000     
        1043   3.3999999999999999        1.0000000000000000        0.0000000000000000     
        1044   3.5000000000000000        1.0000000000000000        0.0000000000000000     
        1045   3.6000000000000001        1.0000000000000000        0.0000000000000000     
        1046   3.7000000000000002        1.0000000000000000        0.0000000000000000     
        1047   3.7999999999999998        1.0000000000000000        0.0000000000000000     
        1048   3.8999999999999999        1.0000000000000000        0.0000000000000000     
        1049   4.0000000000000000        1.0000000000000000        0.0000000000000000     
        1050   4.0999999999999996        1.0000000000000000        0.0000000000000000     
        1051   4.2000000000000002        1.0000000000000000        0.0000000000000000     
        1052   4.2999999999999998        1.0000000000000000        0.0000000000000000     
        1053   4.4000000000000004        1.0000000000000000        0.0000000000000000     
        1054   4.5000000000000000        1.0000000000000000        0.0000000000000000     
        1055   4.5999999999999996        1.0000000000000000        0.0000000000000000     
        1056   4.7000000000000002        1.0000000000000000        0.0000000000000000     
        1057   4.7999999999999998        1.0000000000000000        0.0000000000000000     
        1058   4.9000000000000004        1.0000000000000000        0.0000000000000000     
        1059   5.0000000000000000        1.0000000000000000        0.0000000000000000     
