# X            Y            Psi
   0.000000E+00     0.000000E+00     0.000000E+00
   0.000000E+00     5.000000E-02     5.000000E-02
   0.000000E+00     1.000000E-01     1.000000E-01
   0.000000E+00     1.500000E-01     1.500000E-01
   0.000000E+00     2.000000E-01     2.000000E-01
   0.000000E+00     2.500000E-01     2.500000E-01
   0.000000E+00     3.000000E-01     3.000000E-01
   0.000000E+00     3.500000E-01     3.500000E-01
   0.000000E+00     4.000000E-01     4.000000E-01
   0.000000E+00     4.500000E-01     4.500000E-01
   0.000000E+00     5.000000E-01     5.000000E-01
   0.000000E+00     5.500000E-01     5.500000E-01
   0.000000E+00     6.000000E-01     6.000000E-01
   0.000000E+00     6.500000E-01     6.500000E-01
   0.000000E+00     7.000000E-01     7.000000E-01
   0.000000E+00     7.500000E-01     7.500000E-01
   0.000000E+00     8.000000E-01     8.000000E-01
   0.000000E+00     8.500000E-01     8.500000E-01
   0.000000E+00     9.000000E-01     9.000000E-01
   0.000000E+00     9.500000E-01     9.500000E-01
   0.000000E+00     1.000000E+00     1.000000E+00
   0.000000E+00     1.050000E+00     1.050000E+00
   5.000000E-02     0.000000E+00     0.000000E+00
   5.000000E-02     5.000000E-02     2.312642E-02
   5.000000E-02     1.000000E-01     6.400717E-02
   5.000000E-02     1.500000E-01     1.091308E-01
   5.000000E-02     2.000000E-01     1.552957E-01
   5.000000E-02     2.500000E-01     2.018062E-01
   5.000000E-02     3.000000E-01     2.483806E-01
   5.000000E-02     3.500000E-01     2.951031E-01
   5.000000E-02     4.000000E-01     3.422335E-01
   5.000000E-02     4.500000E-01     3.900555E-01
   5.000000E-02     5.000000E-01     4.388169E-01
   5.000000E-02     5.500000E-01     4.886981E-01
   5.000000E-02     6.000000E-01     5.397887E-01
   5.000000E-02     6.500000E-01     5.920753E-01
   5.000000E-02     7.000000E-01     6.454442E-01
   5.000000E-02     7.500000E-01     6.996870E-01
   5.000000E-02     8.000000E-01     7.544761E-01
   5.000000E-02     8.500000E-01     8.093270E-01
   5.000000E-02     9.000000E-01     8.636411E-01
   5.000000E-02     9.500000E-01     9.164266E-01
   5.000000E-02     1.000000E+00     9.640596E-01
   5.000000E-02     1.050000E+00     1.000000E+00
   1.000000E-01     0.000000E+00     0.000000E+00
   1.000000E-01     5.000000E-02     1.067766E-02
   1.000000E-01     1.000000E-01     3.989536E-02
   1.000000E-01     1.500000E-01     7.671549E-02
   1.000000E-01     2.000000E-01     1.165382E-01
   1.000000E-01     2.500000E-01     1.576528E-01
   1.000000E-01     3.000000E-01     1.994630E-01
   1.000000E-01     3.500000E-01     2.420147E-01
   1.000000E-01     4.000000E-01     2.856624E-01
   1.000000E-01     4.500000E-01     3.308737E-01
   1.000000E-01     5.000000E-01     3.781014E-01
   1.000000E-01     5.500000E-01     4.276855E-01
   1.000000E-01     6.000000E-01     4.797918E-01
   1.000000E-01     6.500000E-01     5.343836E-01
   1.000000E-01     7.000000E-01     5.912368E-01
   1.000000E-01     7.500000E-01     6.499686E-01
   1.000000E-01     8.000000E-01     7.100611E-01
   1.000000E-01     8.500000E-01     7.708501E-01
   1.000000E-01     9.000000E-01     8.314961E-01
   1.000000E-01     9.500000E-01     8.910320E-01
   1.000000E-01     1.000000E+00     9.479150E-01
   1.000000E-01     1.050000E+00     1.000000E+00
   1.500000E-01     0.000000E+00     0.000000E+00
   1.500000E-01     5.000000E-02     6.079558E-03
   1.500000E-01     1.000000E-01     2.510728E-02
   1.500000E-01     1.500000E-01     5.244287E-02
   1.500000E-01     2.000000E-01     8.428141E-02
   1.500000E-01     2.500000E-01     1.185443E-01
   1.500000E-01     3.000000E-01     1.543918E-01
   1.500000E-01     3.500000E-01     1.917959E-01
   1.500000E-01     4.000000E-01     2.311678E-01
   1.500000E-01     4.500000E-01     2.731400E-01
   1.500000E-01     5.000000E-01     3.183643E-01
   1.500000E-01     5.500000E-01     3.673453E-01
   1.500000E-01     6.000000E-01     4.203168E-01
   1.500000E-01     6.500000E-01     4.772002E-01
   1.500000E-01     7.000000E-01     5.376321E-01
   1.500000E-01     7.500000E-01     6.010419E-01
   1.500000E-01     8.000000E-01     6.667210E-01
   1.500000E-01     8.500000E-01     7.338672E-01
   1.500000E-01     9.000000E-01     8.015822E-01
   1.500000E-01     9.500000E-01     8.689842E-01
   1.500000E-01     1.000000E+00     9.354616E-01
   1.500000E-01     1.050000E+00     1.000000E+00
   2.000000E-01     0.000000E+00     0.000000E+00
   2.000000E-01     5.000000E-02     3.499165E-03
   2.000000E-01     1.000000E-01     1.547560E-02
   2.000000E-01     1.500000E-01     3.438837E-02
   2.000000E-01     2.000000E-01     5.805268E-02
   2.000000E-01     2.500000E-01     8.480015E-02
   2.000000E-01     3.000000E-01     1.138718E-01
   2.000000E-01     3.500000E-01     1.452670E-01
   2.000000E-01     4.000000E-01     1.795223E-01
   2.000000E-01     4.500000E-01     2.174976E-01
   2.000000E-01     5.000000E-01     2.601113E-01
   2.000000E-01     5.500000E-01     3.080853E-01
   2.000000E-01     6.000000E-01     3.617314E-01
   2.000000E-01     6.500000E-01     4.208909E-01
   2.000000E-01     7.000000E-01     4.850053E-01
   2.000000E-01     7.500000E-01     5.532691E-01
   2.000000E-01     8.000000E-01     6.247614E-01
   2.000000E-01     8.500000E-01     6.985299E-01
   2.000000E-01     9.000000E-01     7.736515E-01
   2.000000E-01     9.500000E-01     8.493227E-01
   2.000000E-01     1.000000E+00     9.249986E-01
   2.000000E-01     1.050000E+00     1.000000E+00
   2.500000E-01     0.000000E+00     0.000000E+00
   2.500000E-01     5.000000E-02     1.853484E-03
   2.500000E-01     1.000000E-01     8.786851E-03
   2.500000E-01     1.500000E-01     2.082556E-02
   2.500000E-01     2.000000E-01     3.700016E-02
   2.500000E-01     2.500000E-01     5.632096E-02
   2.500000E-01     3.000000E-01     7.830073E-02
   2.500000E-01     3.500000E-01     1.030874E-01
   2.500000E-01     4.000000E-01     1.314489E-01
   2.500000E-01     4.500000E-01     1.646048E-01
   2.500000E-01     5.000000E-01     2.039008E-01
   2.500000E-01     5.500000E-01     2.503973E-01
   2.500000E-01     6.000000E-01     3.045167E-01
   2.500000E-01     6.500000E-01     3.659575E-01
   2.500000E-01     7.000000E-01     4.338643E-01
   2.500000E-01     7.500000E-01     5.071179E-01
   2.500000E-01     8.000000E-01     5.845449E-01
   2.500000E-01     8.500000E-01     6.650269E-01
   2.500000E-01     9.000000E-01     7.475652E-01
   2.500000E-01     9.500000E-01     8.313257E-01
   2.500000E-01     1.000000E+00     9.156666E-01
   2.500000E-01     1.050000E+00     1.000000E+00
   3.000000E-01     0.000000E+00     0.000000E+00
   3.000000E-01     5.000000E-02     6.572468E-04
   3.000000E-01     1.000000E-01     3.982906E-03
   3.000000E-01     1.500000E-01     1.067485E-02
   3.000000E-01     2.000000E-01     2.052247E-02
   3.000000E-01     2.500000E-01     3.306932E-02
   3.000000E-01     3.000000E-01     4.812386E-02
   3.000000E-01     3.500000E-01     6.603473E-02
   3.000000E-01     4.000000E-01     8.784614E-02
   3.000000E-01     4.500000E-01     1.152914E-01
   3.000000E-01     5.000000E-01     1.504511E-01
   3.000000E-01     5.500000E-01     1.949341E-01
   3.000000E-01     6.000000E-01     2.493544E-01
   3.000000E-01     6.500000E-01     3.131302E-01
   3.000000E-01     7.000000E-01     3.849347E-01
   3.000000E-01     7.500000E-01     4.632363E-01
   3.000000E-01     8.000000E-01     5.465727E-01
   3.000000E-01     8.500000E-01     6.336489E-01
   3.000000E-01     9.000000E-01     7.233604E-01
   3.000000E-01     9.500000E-01     8.147956E-01
   3.000000E-01     1.000000E+00     9.072192E-01
   3.000000E-01     1.050000E+00     1.000000E+00
   3.500000E-01     0.000000E+00     0.000000E+00
   3.500000E-01     5.000000E-02    -1.393334E-04
   3.500000E-01     1.000000E-01     7.338428E-04
   3.500000E-01     1.500000E-01     3.548630E-03
   3.500000E-01     2.000000E-01     8.447742E-03
   3.500000E-01     2.500000E-01     1.528851E-02
   3.500000E-01     3.000000E-01     2.408244E-02
   3.500000E-01     3.500000E-01     3.527655E-02
   3.500000E-01     4.000000E-01     5.008769E-02
   3.500000E-01     4.500000E-01     7.083068E-02
   3.500000E-01     5.000000E-01     1.008144E-01
   3.500000E-01     5.500000E-01     1.426597E-01
   3.500000E-01     6.000000E-01     1.972980E-01
   3.500000E-01     6.500000E-01     2.635193E-01
   3.500000E-01     7.000000E-01     3.392661E-01
   3.500000E-01     7.500000E-01     4.225178E-01
   3.500000E-01     8.000000E-01     5.115267E-01
   3.500000E-01     8.500000E-01     6.048460E-01
   3.500000E-01     9.000000E-01     7.012699E-01
   3.500000E-01     9.500000E-01     7.998015E-01
   3.500000E-01     1.000000E+00     8.996164E-01
   3.500000E-01     1.050000E+00     1.000000E+00
   4.000000E-01     0.000000E+00     0.000000E+00
   4.000000E-01     5.000000E-02    -5.220413E-04
   4.000000E-01     1.000000E-01    -9.971983E-04
   4.000000E-01     1.500000E-01    -5.945927E-04
   4.000000E-01     2.000000E-01     9.108927E-04
   4.000000E-01     2.500000E-01     3.496644E-03
   4.000000E-01     3.000000E-01     7.236807E-03
   4.000000E-01     3.500000E-01     1.252682E-02
   4.000000E-01     4.000000E-01     2.044670E-02
   4.000000E-01     4.500000E-01     3.357488E-02
   4.000000E-01     5.000000E-01     5.656619E-02
   4.000000E-01     5.500000E-01     9.514674E-02
   4.000000E-01     6.000000E-01     1.501032E-01
   4.000000E-01     6.500000E-01     2.188191E-01
   4.000000E-01     7.000000E-01     2.982976E-01
   4.000000E-01     7.500000E-01     3.860894E-01
   4.000000E-01     8.000000E-01     4.802461E-01
   4.000000E-01     8.500000E-01     5.791983E-01
   4.000000E-01     9.000000E-01     6.816503E-01
   4.000000E-01     9.500000E-01     7.865233E-01
   4.000000E-01     1.000000E+00     8.929078E-01
   4.000000E-01     1.050000E+00     1.000000E+00
   4.500000E-01     0.000000E+00     0.000000E+00
   4.500000E-01     5.000000E-02    -4.711812E-04
   4.500000E-01     1.000000E-01    -1.202547E-03
   4.500000E-01     1.500000E-01    -1.739145E-03
   4.500000E-01     2.000000E-01    -1.919171E-03
   4.500000E-01     2.500000E-01    -1.749182E-03
   4.500000E-01     3.000000E-01    -1.210564E-03
   4.500000E-01     3.500000E-01    -9.295930E-05
   4.500000E-01     4.000000E-01     2.348051E-03
   4.500000E-01     4.500000E-01     8.037096E-03
   4.500000E-01     5.000000E-01     2.081928E-02
   4.500000E-01     5.500000E-01     5.547735E-02
   4.500000E-01     6.000000E-01     1.106347E-01
   4.500000E-01     6.500000E-01     1.813106E-01
   4.500000E-01     7.000000E-01     2.637282E-01
   4.500000E-01     7.500000E-01     3.551914E-01
   4.500000E-01     8.000000E-01     4.536240E-01
   4.500000E-01     8.500000E-01     5.573250E-01
   4.500000E-01     9.000000E-01     6.649013E-01
   4.500000E-01     9.500000E-01     7.751873E-01
   4.500000E-01     1.000000E+00     8.871852E-01
   4.500000E-01     1.050000E+00     1.000000E+00
   5.000000E-01     0.000000E+00     0.000000E+00
   5.000000E-01     5.000000E-02     0.000000E+00
   5.000000E-01     1.000000E-01     0.000000E+00
   5.000000E-01     1.500000E-01     0.000000E+00
   5.000000E-01     2.000000E-01     0.000000E+00
   5.000000E-01     2.500000E-01     0.000000E+00
   5.000000E-01     3.000000E-01     0.000000E+00
   5.000000E-01     3.500000E-01     0.000000E+00
   5.000000E-01     4.000000E-01     0.000000E+00
   5.000000E-01     4.500000E-01     0.000000E+00
   5.000000E-01     5.000000E-01     0.000000E+00
   5.000000E-01     5.500000E-01     2.885516E-02
   5.000000E-01     6.000000E-01     8.235464E-02
   5.000000E-01     6.500000E-01     1.532154E-01
   5.000000E-01     7.000000E-01     2.370588E-01
   5.000000E-01     7.500000E-01     3.309001E-01
   5.000000E-01     8.000000E-01     4.324315E-01
   5.000000E-01     8.500000E-01     5.397658E-01
   5.000000E-01     9.000000E-01     6.513803E-01
   5.000000E-01     9.500000E-01     7.660043E-01
   5.000000E-01     1.000000E+00     8.825422E-01
   5.000000E-01     1.050000E+00     1.000000E+00
   5.500000E-01     5.000000E-01     0.000000E+00
   5.500000E-01     5.500000E-01     1.916527E-02
   5.500000E-01     6.000000E-01     6.660803E-02
   5.500000E-01     6.500000E-01     1.352509E-01
   5.500000E-01     7.000000E-01     2.189525E-01
   5.500000E-01     7.500000E-01     3.138106E-01
   5.500000E-01     8.000000E-01     4.171362E-01
   5.500000E-01     8.500000E-01     5.268647E-01
   5.500000E-01     9.000000E-01     6.413250E-01
   5.500000E-01     9.500000E-01     7.591209E-01
   5.500000E-01     1.000000E+00     8.790467E-01
   5.500000E-01     1.050000E+00     1.000000E+00
   6.000000E-01     5.000000E-01     0.000000E+00
   6.000000E-01     5.500000E-01     1.643647E-02
   6.000000E-01     6.000000E-01     6.063708E-02
   6.000000E-01     6.500000E-01     1.267678E-01
   6.000000E-01     7.000000E-01     2.092240E-01
   6.000000E-01     7.500000E-01     3.038850E-01
   6.000000E-01     8.000000E-01     4.077899E-01
   6.000000E-01     8.500000E-01     5.186982E-01
   6.000000E-01     9.000000E-01     6.348022E-01
   6.000000E-01     9.500000E-01     7.545840E-01
   6.000000E-01     1.000000E+00     8.767207E-01
   6.000000E-01     1.050000E+00     1.000000E+00
   6.500000E-01     5.000000E-01     0.000000E+00
   6.500000E-01     5.500000E-01     1.770088E-02
   6.500000E-01     6.000000E-01     6.122740E-02
   6.500000E-01     6.500000E-01     1.258977E-01
   6.500000E-01     7.000000E-01     2.069271E-01
   6.500000E-01     7.500000E-01     3.006085E-01
   6.500000E-01     8.000000E-01     4.040823E-01
   6.500000E-01     8.500000E-01     5.150751E-01
   6.500000E-01     9.000000E-01     6.316960E-01
   6.500000E-01     9.500000E-01     7.523262E-01
   6.500000E-01     1.000000E+00     8.755339E-01
   6.500000E-01     1.050000E+00     1.000000E+00
   7.000000E-01     0.000000E+00     0.000000E+00
   7.000000E-01     5.000000E-02     0.000000E+00
   7.000000E-01     1.000000E-01     0.000000E+00
   7.000000E-01     1.500000E-01     0.000000E+00
   7.000000E-01     2.000000E-01     0.000000E+00
   7.000000E-01     2.500000E-01     0.000000E+00
   7.000000E-01     3.000000E-01     0.000000E+00
   7.000000E-01     3.500000E-01     0.000000E+00
   7.000000E-01     4.000000E-01     0.000000E+00
   7.000000E-01     4.500000E-01     0.000000E+00
   7.000000E-01     5.000000E-01     0.000000E+00
   7.000000E-01     5.500000E-01     2.231538E-02
   7.000000E-01     6.000000E-01     6.743984E-02
   7.000000E-01     6.500000E-01     1.314510E-01
   7.000000E-01     7.000000E-01     2.109837E-01
   7.000000E-01     7.500000E-01     3.031500E-01
   7.000000E-01     8.000000E-01     4.054198E-01
   7.000000E-01     8.500000E-01     5.155825E-01
   7.000000E-01     9.000000E-01     6.317291E-01
   7.000000E-01     9.500000E-01     7.521768E-01
   7.000000E-01     1.000000E+00     8.754054E-01
   7.000000E-01     1.050000E+00     1.000000E+00
   7.500000E-01     0.000000E+00     0.000000E+00
   7.500000E-01     5.000000E-02    -5.002084E-04
   7.500000E-01     1.000000E-01    -1.633850E-03
   7.500000E-01     1.500000E-01    -3.115126E-03
   7.500000E-01     2.000000E-01    -4.689405E-03
   7.500000E-01     2.500000E-01    -6.157575E-03
   7.500000E-01     3.000000E-01    -7.275291E-03
   7.500000E-01     3.500000E-01    -7.573010E-03
   7.500000E-01     4.000000E-01    -6.166189E-03
   7.500000E-01     4.500000E-01    -2.067585E-03
   7.500000E-01     5.000000E-01     7.054722E-03
   7.500000E-01     5.500000E-01     3.348305E-02
   7.500000E-01     6.000000E-01     7.924865E-02
   7.500000E-01     6.500000E-01     1.423549E-01
   7.500000E-01     7.000000E-01     2.202498E-01
   7.500000E-01     7.500000E-01     3.105553E-01
   7.500000E-01     8.000000E-01     4.110457E-01
   7.500000E-01     8.500000E-01     5.196542E-01
   7.500000E-01     9.000000E-01     6.345041E-01
   7.500000E-01     9.500000E-01     7.538847E-01
   7.500000E-01     1.000000E+00     8.762139E-01
   7.500000E-01     1.050000E+00     1.000000E+00
   8.000000E-01     0.000000E+00     0.000000E+00
   8.000000E-01     5.000000E-02    -8.549925E-04
   8.000000E-01     1.000000E-01    -2.809838E-03
   8.000000E-01     1.500000E-01    -5.220818E-03
   8.000000E-01     2.000000E-01    -7.616978E-03
   8.000000E-01     2.500000E-01    -9.561532E-03
   8.000000E-01     3.000000E-01    -1.051631E-02
   8.000000E-01     3.500000E-01    -9.698921E-03
   8.000000E-01     4.000000E-01    -6.021950E-03
   8.000000E-01     4.500000E-01     2.249887E-03
   8.000000E-01     5.000000E-01     1.872475E-02
   8.000000E-01     5.500000E-01     4.888572E-02
   8.000000E-01     6.000000E-01     9.528027E-02
   8.000000E-01     6.500000E-01     1.574100E-01
   8.000000E-01     7.000000E-01     2.335630E-01
   8.000000E-01     7.500000E-01     3.217861E-01
   8.000000E-01     8.000000E-01     4.201116E-01
   8.000000E-01     8.500000E-01     5.266355E-01
   8.000000E-01     9.000000E-01     6.395486E-01
   8.000000E-01     9.500000E-01     7.571455E-01
   8.000000E-01     1.000000E+00     8.778103E-01
   8.000000E-01     1.050000E+00     1.000000E+00
   8.500000E-01     0.000000E+00     0.000000E+00
   8.500000E-01     5.000000E-02    -1.045534E-03
   8.500000E-01     1.000000E-01    -3.414395E-03
   8.500000E-01     1.500000E-01    -6.202212E-03
   8.500000E-01     2.000000E-01    -8.722277E-03
   8.500000E-01     2.500000E-01    -1.032742E-02
   8.500000E-01     3.000000E-01    -1.026622E-02
   8.500000E-01     3.500000E-01    -7.566283E-03
   8.500000E-01     4.000000E-01    -9.317644E-04
   8.500000E-01     4.500000E-01     1.159566E-02
   8.500000E-01     5.000000E-01     3.308441E-02
   8.500000E-01     5.500000E-01     6.646938E-02
   8.500000E-01     6.000000E-01     1.137906E-01
   8.500000E-01     6.500000E-01     1.752152E-01
   8.500000E-01     7.000000E-01     2.497240E-01
   8.500000E-01     7.500000E-01     3.358022E-01
   8.500000E-01     8.000000E-01     4.317544E-01
   8.500000E-01     8.500000E-01     5.358471E-01
   8.500000E-01     9.000000E-01     6.463624E-01
   8.500000E-01     9.500000E-01     7.616306E-01
   8.500000E-01     1.000000E+00     8.800329E-01
   8.500000E-01     1.050000E+00     1.000000E+00
   9.000000E-01     0.000000E+00     0.000000E+00
   9.000000E-01     5.000000E-02    -1.075872E-03
   9.000000E-01     1.000000E-01    -3.463064E-03
   9.000000E-01     1.500000E-01    -6.105639E-03
   9.000000E-01     2.000000E-01    -8.150879E-03
   9.000000E-01     2.500000E-01    -8.795373E-03
   9.000000E-01     3.000000E-01    -7.151095E-03
   9.000000E-01     3.500000E-01    -2.141845E-03
   9.000000E-01     4.000000E-01     7.617779E-03
   9.000000E-01     4.500000E-01     2.395662E-02
   9.000000E-01     5.000000E-01     4.913397E-02
   9.000000E-01     5.500000E-01     8.518525E-02
   9.000000E-01     6.000000E-01     1.335418E-01
   9.000000E-01     6.500000E-01     1.945510E-01
   9.000000E-01     7.000000E-01     2.676302E-01
   9.000000E-01     7.500000E-01     3.516423E-01
   9.000000E-01     8.000000E-01     4.451624E-01
   9.000000E-01     8.500000E-01     5.466353E-01
   9.000000E-01     9.000000E-01     6.544563E-01
   9.000000E-01     9.500000E-01     7.670164E-01
   9.000000E-01     1.000000E+00     8.827200E-01
   9.000000E-01     1.050000E+00     1.000000E+00
   9.500000E-01     0.000000E+00     0.000000E+00
   9.500000E-01     5.000000E-02    -9.735267E-04
   9.500000E-01     1.000000E-01    -3.047525E-03
   9.500000E-01     1.500000E-01    -5.107756E-03
   9.500000E-01     2.000000E-01    -6.206815E-03
   9.500000E-01     2.500000E-01    -5.446584E-03
   9.500000E-01     3.000000E-01    -1.866393E-03
   9.500000E-01     3.500000E-01     5.643742E-03
   9.500000E-01     4.000000E-01     1.841929E-02
   9.500000E-01     4.500000E-01     3.803446E-02
   9.500000E-01     5.000000E-01     6.619362E-02
   9.500000E-01     5.500000E-01     1.044214E-01
   9.500000E-01     6.000000E-01     1.537580E-01
   9.500000E-01     6.500000E-01     2.145365E-01
   9.500000E-01     7.000000E-01     2.864029E-01
   9.500000E-01     7.500000E-01     3.684955E-01
   9.500000E-01     8.000000E-01     4.596266E-01
   9.500000E-01     8.500000E-01     5.584156E-01
   9.500000E-01     9.000000E-01     6.633834E-01
   9.500000E-01     9.500000E-01     7.730010E-01
   9.500000E-01     1.000000E+00     8.857202E-01
   9.500000E-01     1.050000E+00     1.000000E+00
   1.000000E+00     0.000000E+00     0.000000E+00
   1.000000E+00     5.000000E-02    -7.695703E-04
   1.000000E+00     1.000000E-01    -2.279205E-03
   1.000000E+00     1.500000E-01    -3.428577E-03
   1.000000E+00     2.000000E-01    -3.241274E-03
   1.000000E+00     2.500000E-01    -7.822244E-04
   1.000000E+00     3.000000E-01     4.926646E-03
   1.000000E+00     3.500000E-01     1.496707E-02
   1.000000E+00     4.000000E-01     3.055412E-02
   1.000000E+00     4.500000E-01     5.301245E-02
   1.000000E+00     5.000000E-01     8.368094E-02
   1.000000E+00     5.500000E-01     1.237241E-01
   1.000000E+00     6.000000E-01     1.739281E-01
   1.000000E+00     6.500000E-01     2.345642E-01
   1.000000E+00     7.000000E-01     3.053885E-01
   1.000000E+00     7.500000E-01     3.857214E-01
   1.000000E+00     8.000000E-01     4.745629E-01
   1.000000E+00     8.500000E-01     5.706933E-01
   1.000000E+00     9.000000E-01     6.727582E-01
   1.000000E+00     9.500000E-01     7.793209E-01
   1.000000E+00     1.000000E+00     8.889001E-01
   1.000000E+00     1.050000E+00     1.000000E+00
   1.050000E+00     0.000000E+00     0.000000E+00
   1.050000E+00     5.000000E-02    -4.970875E-04
   1.050000E+00     1.000000E-01    -1.269356E-03
   1.050000E+00     1.500000E-01    -1.284387E-03
   1.050000E+00     2.000000E-01     4.112890E-04
   1.050000E+00     2.500000E-01     4.740244E-03
   1.050000E+00     3.000000E-01     1.265164E-02
   1.050000E+00     3.500000E-01     2.515801E-02
   1.050000E+00     4.000000E-01     4.333985E-02
   1.050000E+00     4.500000E-01     6.830945E-02
   1.050000E+00     5.000000E-01     1.011395E-01
   1.050000E+00     5.500000E-01     1.427304E-01
   1.050000E+00     6.000000E-01     1.936843E-01
   1.050000E+00     6.500000E-01     2.542111E-01
   1.050000E+00     7.000000E-01     3.241163E-01
   1.050000E+00     7.500000E-01     4.028383E-01
   1.050000E+00     8.000000E-01     4.895174E-01
   1.050000E+00     8.500000E-01     5.830716E-01
   1.050000E+00     9.000000E-01     6.822649E-01
   1.050000E+00     9.500000E-01     7.857583E-01
   1.050000E+00     1.000000E+00     8.921477E-01
   1.050000E+00     1.050000E+00     1.000000E+00
   1.100000E+00     0.000000E+00     0.000000E+00
   1.100000E+00     5.000000E-02    -1.841456E-04
   1.100000E+00     1.000000E-01    -1.161105E-04
   1.100000E+00     1.500000E-01     1.136170E-03
   1.100000E+00     2.000000E-01     4.462789E-03
   1.100000E+00     2.500000E-01     1.073674E-02
   1.100000E+00     3.000000E-01     2.084666E-02
   1.100000E+00     3.500000E-01     3.571346E-02
   1.100000E+00     4.000000E-01     5.628354E-02
   1.100000E+00     4.500000E-01     8.349397E-02
   1.100000E+00     5.000000E-01     1.182108E-01
   1.100000E+00     5.500000E-01     1.611404E-01
   1.100000E+00     6.000000E-01     2.127437E-01
   1.100000E+00     6.500000E-01     2.731735E-01
   1.100000E+00     7.000000E-01     3.422536E-01
   1.100000E+00     7.500000E-01     4.194976E-01
   1.100000E+00     8.000000E-01     5.041515E-01
   1.100000E+00     8.500000E-01     5.952477E-01
   1.100000E+00     9.000000E-01     6.916579E-01
   1.100000E+00     9.500000E-01     7.921398E-01
   1.100000E+00     1.000000E+00     8.953741E-01
   1.100000E+00     1.050000E+00     1.000000E+00
   1.150000E+00     0.000000E+00     0.000000E+00
   1.150000E+00     5.000000E-02     1.459193E-04
   1.150000E+00     1.000000E-01     1.102540E-03
   1.150000E+00     1.500000E-01     3.681109E-03
   1.150000E+00     2.000000E-01     8.682899E-03
   1.150000E+00     2.500000E-01     1.690546E-02
   1.150000E+00     3.000000E-01     2.915641E-02
   1.150000E+00     3.500000E-01     4.625608E-02
   1.150000E+00     4.000000E-01     6.902424E-02
   1.150000E+00     4.500000E-01     9.824805E-02
   1.150000E+00     5.000000E-01     1.346312E-01
   1.150000E+00     5.500000E-01     1.787314E-01
   1.150000E+00     6.000000E-01     2.308996E-01
   1.150000E+00     6.500000E-01     2.912349E-01
   1.150000E+00     7.000000E-01     3.595645E-01
   1.150000E+00     7.500000E-01     4.354512E-01
   1.150000E+00     8.000000E-01     5.182204E-01
   1.150000E+00     8.500000E-01     6.069984E-01
   1.150000E+00     9.000000E-01     7.007531E-01
   1.150000E+00     9.500000E-01     7.983350E-01
   1.150000E+00     1.000000E+00     8.985112E-01
   1.150000E+00     1.050000E+00     1.000000E+00
   1.200000E+00     0.000000E+00     0.000000E+00
   1.200000E+00     5.000000E-02     4.769724E-04
   1.200000E+00     1.000000E-01     2.327811E-03
   1.200000E+00     1.500000E-01     6.235176E-03
   1.200000E+00     2.000000E-01     1.289692E-02
   1.200000E+00     2.500000E-01     2.301958E-02
   1.200000E+00     3.000000E-01     3.731852E-02
   1.200000E+00     3.500000E-01     5.651106E-02
   1.200000E+00     4.000000E-01     8.129949E-02
   1.200000E+00     4.500000E-01     1.123416E-01
   1.200000E+00     5.000000E-01     1.502096E-01
   1.200000E+00     5.500000E-01     1.953433E-01
   1.200000E+00     6.000000E-01     2.480050E-01
   1.200000E+00     6.500000E-01     3.082460E-01
   1.200000E+00     7.000000E-01     3.758890E-01
   1.200000E+00     7.500000E-01     4.505299E-01
   1.200000E+00     8.000000E-01     5.315546E-01
   1.200000E+00     8.500000E-01     6.181665E-01
   1.200000E+00     9.000000E-01     7.094192E-01
   1.200000E+00     9.500000E-01     8.042495E-01
   1.200000E+00     1.000000E+00     9.015098E-01
   1.200000E+00     1.050000E+00     1.000000E+00
   1.250000E+00     0.000000E+00     0.000000E+00
   1.250000E+00     5.000000E-02     7.973428E-04
   1.250000E+00     1.000000E-01     3.517753E-03
   1.250000E+00     1.500000E-01     8.715508E-03
   1.250000E+00     2.000000E-01     1.697913E-02
   1.250000E+00     2.500000E-01     2.891671E-02
   1.250000E+00     3.000000E-01     4.514667E-02
   1.250000E+00     3.500000E-01     6.628529E-02
   1.250000E+00     4.000000E-01     9.292680E-02
   1.250000E+00     4.500000E-01     1.256158E-01
   1.250000E+00     5.000000E-01     1.648149E-01
   1.250000E+00     5.500000E-01     2.108673E-01
   1.250000E+00     6.000000E-01     2.639630E-01
   1.250000E+00     6.500000E-01     3.241105E-01
   1.250000E+00     7.000000E-01     3.911251E-01
   1.250000E+00     7.500000E-01     4.646251E-01
   1.250000E+00     8.000000E-01     5.440432E-01
   1.250000E+00     8.500000E-01     6.286477E-01
   1.250000E+00     9.000000E-01     7.175671E-01
   1.250000E+00     9.500000E-01     8.098183E-01
   1.250000E+00     1.000000E+00     9.043357E-01
   1.250000E+00     1.050000E+00     1.000000E+00
   1.300000E+00     0.000000E+00     0.000000E+00
   1.300000E+00     5.000000E-02     1.100531E-03
   1.300000E+00     1.000000E-01     4.645106E-03
   1.300000E+00     1.500000E-01     1.106618E-02
   1.300000E+00     2.000000E-01     2.084386E-02
   1.300000E+00     2.500000E-01     3.448660E-02
   1.300000E+00     3.000000E-01     5.251624E-02
   1.300000E+00     3.500000E-01     7.545131E-02
   1.300000E+00     4.000000E-01     1.037866E-01
   1.300000E+00     4.500000E-01     1.379678E-01
   1.300000E+00     5.000000E-01     1.783641E-01
   1.300000E+00     5.500000E-01     2.252378E-01
   1.300000E+00     6.000000E-01     2.787173E-01
   1.300000E+00     6.500000E-01     3.387746E-01
   1.300000E+00     7.000000E-01     4.052153E-01
   1.300000E+00     7.500000E-01     4.776738E-01
   1.300000E+00     8.000000E-01     5.556206E-01
   1.300000E+00     8.500000E-01     6.383784E-01
   1.300000E+00     9.000000E-01     7.251419E-01
   1.300000E+00     9.500000E-01     8.150011E-01
   1.300000E+00     1.000000E+00     9.069674E-01
   1.300000E+00     1.050000E+00     1.000000E+00
   1.350000E+00     0.000000E+00     0.000000E+00
   1.350000E+00     5.000000E-02     1.381664E-03
   1.350000E+00     1.000000E-01     5.692076E-03
   1.350000E+00     1.500000E-01     1.325162E-02
   1.350000E+00     2.000000E-01     2.443701E-02
   1.350000E+00     2.500000E-01     3.965988E-02
   1.350000E+00     3.000000E-01     5.934883E-02
   1.350000E+00     3.500000E-01     8.393007E-02
   1.350000E+00     4.000000E-01     1.138076E-01
   1.350000E+00     4.500000E-01     1.493395E-01
   1.350000E+00     5.000000E-01     1.908135E-01
   1.350000E+00     5.500000E-01     2.384232E-01
   1.350000E+00     6.000000E-01     2.922439E-01
   1.350000E+00     6.500000E-01     3.522164E-01
   1.350000E+00     7.000000E-01     4.181358E-01
   1.350000E+00     7.500000E-01     4.896484E-01
   1.350000E+00     8.000000E-01     5.662556E-01
   1.350000E+00     8.500000E-01     6.473267E-01
   1.350000E+00     9.000000E-01     7.321145E-01
   1.350000E+00     9.500000E-01     8.197754E-01
   1.350000E+00     1.000000E+00     9.093929E-01
   1.350000E+00     1.050000E+00     1.000000E+00
   1.400000E+00     0.000000E+00     0.000000E+00
   1.400000E+00     5.000000E-02     1.637467E-03
   1.400000E+00     1.000000E-01     6.648375E-03
   1.400000E+00     1.500000E-01     1.525163E-02
   1.400000E+00     2.000000E-01     2.772799E-02
   1.400000E+00     2.500000E-01     4.439800E-02
   1.400000E+00     3.000000E-01     6.560209E-02
   1.400000E+00     3.500000E-01     9.168097E-02
   1.400000E+00     4.000000E-01     1.229557E-01
   1.400000E+00     4.500000E-01     1.597061E-01
   1.400000E+00     5.000000E-01     2.021493E-01
   1.400000E+00     5.500000E-01     2.504187E-01
   1.400000E+00     6.000000E-01     3.045444E-01
   1.400000E+00     6.500000E-01     3.644391E-01
   1.400000E+00     7.000000E-01     4.298882E-01
   1.400000E+00     7.500000E-01     5.005467E-01
   1.400000E+00     8.000000E-01     5.759421E-01
   1.400000E+00     8.500000E-01     6.554835E-01
   1.400000E+00     9.000000E-01     7.384750E-01
   1.400000E+00     9.500000E-01     8.241333E-01
   1.400000E+00     1.000000E+00     9.116075E-01
   1.400000E+00     1.050000E+00     1.000000E+00
   1.450000E+00     0.000000E+00     0.000000E+00
   1.450000E+00     5.000000E-02     1.867060E-03
   1.450000E+00     1.000000E-01     7.509900E-03
   1.450000E+00     1.500000E-01     1.705764E-02
   1.450000E+00     2.000000E-01     3.070373E-02
   1.450000E+00     2.500000E-01     4.868464E-02
   1.450000E+00     3.000000E-01     7.125952E-02
   1.450000E+00     3.500000E-01     9.869044E-02
   1.450000E+00     4.000000E-01     1.312235E-01
   1.450000E+00     4.500000E-01     1.690687E-01
   1.450000E+00     5.000000E-01     2.123810E-01
   1.450000E+00     5.500000E-01     2.612413E-01
   1.450000E+00     6.000000E-01     3.156401E-01
   1.450000E+00     6.500000E-01     3.754653E-01
   1.450000E+00     7.000000E-01     4.404933E-01
   1.450000E+00     7.500000E-01     5.103859E-01
   1.450000E+00     8.000000E-01     5.846923E-01
   1.450000E+00     8.500000E-01     6.628563E-01
   1.450000E+00     9.000000E-01     7.442275E-01
   1.450000E+00     9.500000E-01     8.280765E-01
   1.450000E+00     1.000000E+00     9.136120E-01
   1.450000E+00     1.050000E+00     1.000000E+00
   1.500000E+00     0.000000E+00     0.000000E+00
   1.500000E+00     5.000000E-02     2.070749E-03
   1.500000E+00     1.000000E-01     8.276849E-03
   1.500000E+00     1.500000E-01     1.866913E-02
   1.500000E+00     2.000000E-01     3.336319E-02
   1.500000E+00     2.500000E-01     5.251943E-02
   1.500000E+00     3.000000E-01     7.632294E-02
   1.500000E+00     3.500000E-01     1.049647E-01
   1.500000E+00     4.000000E-01     1.386236E-01
   1.500000E+00     4.500000E-01     1.774473E-01
   1.500000E+00     5.000000E-01     2.215356E-01
   1.500000E+00     5.500000E-01     2.709233E-01
   1.500000E+00     6.000000E-01     3.255668E-01
   1.500000E+00     6.500000E-01     3.853314E-01
   1.500000E+00     7.000000E-01     4.499855E-01
   1.500000E+00     7.500000E-01     5.191964E-01
   1.500000E+00     8.000000E-01     5.925314E-01
   1.500000E+00     8.500000E-01     6.694647E-01
   1.500000E+00     9.000000E-01     7.493858E-01
   1.500000E+00     9.500000E-01     8.316134E-01
   1.500000E+00     1.000000E+00     9.154105E-01
   1.500000E+00     1.050000E+00     1.000000E+00
   1.550000E+00     0.000000E+00     0.000000E+00
   1.550000E+00     5.000000E-02     2.249750E-03
   1.550000E+00     1.000000E-01     8.952095E-03
   1.550000E+00     1.500000E-01     2.009092E-02
   1.550000E+00     2.000000E-01     3.571348E-02
   1.550000E+00     2.500000E-01     5.591249E-02
   1.550000E+00     3.000000E-01     8.080690E-02
   1.550000E+00     3.500000E-01     1.105240E-01
   1.550000E+00     4.000000E-01     1.451821E-01
   1.550000E+00     4.500000E-01     1.848742E-01
   1.550000E+00     5.000000E-01     2.296512E-01
   1.550000E+00     5.500000E-01     2.795079E-01
   1.550000E+00     6.000000E-01     3.343698E-01
   1.550000E+00     6.500000E-01     3.940830E-01
   1.550000E+00     7.000000E-01     4.584083E-01
   1.550000E+00     7.500000E-01     5.270172E-01
   1.550000E+00     8.000000E-01     5.994928E-01
   1.550000E+00     8.500000E-01     6.753355E-01
   1.550000E+00     9.000000E-01     7.539701E-01
   1.550000E+00     9.500000E-01     8.347578E-01
   1.550000E+00     1.000000E+00     9.170095E-01
   1.550000E+00     1.050000E+00     1.000000E+00
   1.600000E+00     0.000000E+00     0.000000E+00
   1.600000E+00     5.000000E-02     2.405202E-03
   1.600000E+00     1.000000E-01     9.539728E-03
   1.600000E+00     1.500000E-01     2.133088E-02
   1.600000E+00     2.000000E-01     3.776678E-02
   1.600000E+00     2.500000E-01     5.888084E-02
   1.600000E+00     3.000000E-01     8.473376E-02
   1.600000E+00     3.500000E-01     1.153962E-01
   1.600000E+00     4.000000E-01     1.509334E-01
   1.600000E+00     4.500000E-01     1.913897E-01
   1.600000E+00     5.000000E-01     2.367734E-01
   1.600000E+00     5.500000E-01     2.870439E-01
   1.600000E+00     6.000000E-01     3.420999E-01
   1.600000E+00     6.500000E-01     4.017706E-01
   1.600000E+00     7.000000E-01     4.658097E-01
   1.600000E+00     7.500000E-01     5.338922E-01
   1.600000E+00     8.000000E-01     6.056147E-01
   1.600000E+00     8.500000E-01     6.805002E-01
   1.600000E+00     9.000000E-01     7.580043E-01
   1.600000E+00     9.500000E-01     8.375255E-01
   1.600000E+00     1.000000E+00     9.184171E-01
   1.600000E+00     1.050000E+00     1.000000E+00
   1.650000E+00     0.000000E+00     0.000000E+00
   1.650000E+00     5.000000E-02     2.538380E-03
   1.650000E+00     1.000000E-01     1.004468E-02
   1.650000E+00     1.500000E-01     2.239852E-02
   1.650000E+00     2.000000E-01     3.953796E-02
   1.650000E+00     2.500000E-01     6.144525E-02
   1.650000E+00     3.000000E-01     8.813010E-02
   1.650000E+00     3.500000E-01     1.196141E-01
   1.650000E+00     4.000000E-01     1.559161E-01
   1.650000E+00     4.500000E-01     1.970378E-01
   1.650000E+00     5.000000E-01     2.429505E-01
   1.650000E+00     5.500000E-01     2.935827E-01
   1.650000E+00     6.000000E-01     3.488098E-01
   1.650000E+00     6.500000E-01     4.084463E-01
   1.650000E+00     7.000000E-01     4.722394E-01
   1.650000E+00     7.500000E-01     5.398667E-01
   1.650000E+00     8.000000E-01     6.109367E-01
   1.650000E+00     8.500000E-01     6.849915E-01
   1.650000E+00     9.000000E-01     7.615134E-01
   1.650000E+00     9.500000E-01     8.399335E-01
   1.650000E+00     1.000000E+00     9.196419E-01
   1.650000E+00     1.050000E+00     1.000000E+00
   1.700000E+00     0.000000E+00     0.000000E+00
   1.700000E+00     5.000000E-02     2.650907E-03
   1.700000E+00     1.000000E-01     1.047213E-02
   1.700000E+00     1.500000E-01     2.330423E-02
   1.700000E+00     2.000000E-01     4.104320E-02
   1.700000E+00     2.500000E-01     6.362786E-02
   1.700000E+00     3.000000E-01     9.102444E-02
   1.700000E+00     3.500000E-01     1.232123E-01
   1.700000E+00     4.000000E-01     1.601702E-01
   1.700000E+00     4.500000E-01     2.018634E-01
   1.700000E+00     5.000000E-01     2.482312E-01
   1.700000E+00     5.500000E-01     2.991756E-01
   1.700000E+00     6.000000E-01     3.545519E-01
   1.700000E+00     6.500000E-01     4.141615E-01
   1.700000E+00     7.000000E-01     4.777461E-01
   1.700000E+00     7.500000E-01     5.449857E-01
   1.700000E+00     8.000000E-01     6.154981E-01
   1.700000E+00     8.500000E-01     6.888421E-01
   1.700000E+00     9.000000E-01     7.645227E-01
   1.700000E+00     9.500000E-01     8.419988E-01
   1.700000E+00     1.000000E+00     9.206926E-01
   1.700000E+00     1.050000E+00     1.000000E+00
   1.750000E+00     0.000000E+00     0.000000E+00
   1.750000E+00     5.000000E-02     2.744116E-03
   1.750000E+00     1.000000E-01     1.082722E-02
   1.750000E+00     1.500000E-01     2.405822E-02
   1.750000E+00     2.000000E-01     4.229849E-02
   1.750000E+00     2.500000E-01     6.545077E-02
   1.750000E+00     3.000000E-01     9.344485E-02
   1.750000E+00     3.500000E-01     1.262244E-01
   1.750000E+00     4.000000E-01     1.637348E-01
   1.750000E+00     4.500000E-01     2.059101E-01
   1.750000E+00     5.000000E-01     2.526624E-01
   1.750000E+00     5.500000E-01     3.038713E-01
   1.750000E+00     6.000000E-01     3.593754E-01
   1.750000E+00     6.500000E-01     4.189645E-01
   1.750000E+00     7.000000E-01     4.823759E-01
   1.750000E+00     7.500000E-01     5.492912E-01
   1.750000E+00     8.000000E-01     6.193358E-01
   1.750000E+00     8.500000E-01     6.920827E-01
   1.750000E+00     9.000000E-01     7.670558E-01
   1.750000E+00     9.500000E-01     8.437375E-01
   1.750000E+00     1.000000E+00     9.215773E-01
   1.750000E+00     1.050000E+00     1.000000E+00
   1.800000E+00     0.000000E+00     0.000000E+00
   1.800000E+00     5.000000E-02     2.819428E-03
   1.800000E+00     1.000000E-01     1.111475E-02
   1.800000E+00     1.500000E-01     2.467001E-02
   1.800000E+00     2.000000E-01     4.331881E-02
   1.800000E+00     2.500000E-01     6.693465E-02
   1.800000E+00     3.000000E-01     9.541765E-02
   1.800000E+00     3.500000E-01     1.286823E-01
   1.800000E+00     4.000000E-01     1.666460E-01
   1.800000E+00     4.500000E-01     2.092175E-01
   1.800000E+00     5.000000E-01     2.562866E-01
   1.800000E+00     5.500000E-01     3.077143E-01
   1.800000E+00     6.000000E-01     3.633249E-01
   1.800000E+00     6.500000E-01     4.228992E-01
   1.800000E+00     7.000000E-01     4.861703E-01
   1.800000E+00     7.500000E-01     5.528209E-01
   1.800000E+00     8.000000E-01     6.224832E-01
   1.800000E+00     8.500000E-01     6.947410E-01
   1.800000E+00     9.000000E-01     7.691342E-01
   1.800000E+00     9.500000E-01     8.451644E-01
   1.800000E+00     1.000000E+00     9.223033E-01
   1.800000E+00     1.050000E+00     1.000000E+00
   1.850000E+00     0.000000E+00     0.000000E+00
   1.850000E+00     5.000000E-02     2.878002E-03
   1.850000E+00     1.000000E-01     1.133897E-02
   1.850000E+00     1.500000E-01     2.514814E-02
   1.850000E+00     2.000000E-01     4.411756E-02
   1.850000E+00     2.500000E-01     6.809794E-02
   1.850000E+00     3.000000E-01     9.696614E-02
   1.850000E+00     3.500000E-01     1.306135E-01
   1.850000E+00     4.000000E-01     1.689355E-01
   1.850000E+00     4.500000E-01     2.118206E-01
   1.850000E+00     5.000000E-01     2.591408E-01
   1.850000E+00     5.500000E-01     3.107426E-01
   1.850000E+00     6.000000E-01     3.664387E-01
   1.850000E+00     6.500000E-01     4.260027E-01
   1.850000E+00     7.000000E-01     4.891643E-01
   1.850000E+00     7.500000E-01     5.556072E-01
   1.850000E+00     8.000000E-01     6.249683E-01
   1.850000E+00     8.500000E-01     6.968406E-01
   1.850000E+00     9.000000E-01     7.707761E-01
   1.850000E+00     9.500000E-01     8.462917E-01
   1.850000E+00     1.000000E+00     9.228769E-01
   1.850000E+00     1.050000E+00     1.000000E+00
   1.900000E+00     0.000000E+00     0.000000E+00
   1.900000E+00     5.000000E-02     2.920929E-03
   1.900000E+00     1.000000E-01     1.150361E-02
   1.900000E+00     1.500000E-01     2.549985E-02
   1.900000E+00     2.000000E-01     4.470610E-02
   1.900000E+00     2.500000E-01     6.895627E-02
   1.900000E+00     3.000000E-01     9.810978E-02
   1.900000E+00     3.500000E-01     1.320412E-01
   1.900000E+00     4.000000E-01     1.706294E-01
   1.900000E+00     4.500000E-01     2.137480E-01
   1.900000E+00     5.000000E-01     2.612555E-01
   1.900000E+00     5.500000E-01     3.129873E-01
   1.900000E+00     6.000000E-01     3.687480E-01
   1.900000E+00     6.500000E-01     4.283053E-01
   1.900000E+00     7.000000E-01     4.913865E-01
   1.900000E+00     7.500000E-01     5.576757E-01
   1.900000E+00     8.000000E-01     6.268139E-01
   1.900000E+00     8.500000E-01     6.984002E-01
   1.900000E+00     9.000000E-01     7.719958E-01
   1.900000E+00     9.500000E-01     8.471293E-01
   1.900000E+00     1.000000E+00     9.233030E-01
   1.900000E+00     1.050000E+00     1.000000E+00
   1.950000E+00     0.000000E+00     0.000000E+00
   1.950000E+00     5.000000E-02     2.949293E-03
   1.950000E+00     1.000000E-01     1.161179E-02
   1.950000E+00     1.500000E-01     2.573111E-02
   1.950000E+00     2.000000E-01     4.509347E-02
   1.950000E+00     2.500000E-01     6.952181E-02
   1.950000E+00     3.000000E-01     9.886399E-02
   1.950000E+00     3.500000E-01     1.329833E-01
   1.950000E+00     4.000000E-01     1.717479E-01
   1.950000E+00     4.500000E-01     2.150213E-01
   1.950000E+00     5.000000E-01     2.626532E-01
   1.950000E+00     5.500000E-01     3.144716E-01
   1.950000E+00     6.000000E-01     3.702755E-01
   1.950000E+00     6.500000E-01     4.298290E-01
   1.950000E+00     7.000000E-01     4.928574E-01
   1.950000E+00     7.500000E-01     5.590453E-01
   1.950000E+00     8.000000E-01     6.280360E-01
   1.950000E+00     8.500000E-01     6.994332E-01
   1.950000E+00     9.000000E-01     7.728038E-01
   1.950000E+00     9.500000E-01     8.476840E-01
   1.950000E+00     1.000000E+00     9.235850E-01
   1.950000E+00     1.050000E+00     1.000000E+00
   2.000000E+00     0.000000E+00     0.000000E+00
   2.000000E+00     5.000000E-02     2.963926E-03
   2.000000E+00     1.000000E-01     1.166635E-02
   2.000000E+00     1.500000E-01     2.584667E-02
   2.000000E+00     2.000000E-01     4.528657E-02
   2.000000E+00     2.500000E-01     6.980333E-02
   2.000000E+00     3.000000E-01     9.923937E-02
   2.000000E+00     3.500000E-01     1.334521E-01
   2.000000E+00     4.000000E-01     1.723044E-01
   2.000000E+00     4.500000E-01     2.156548E-01
   2.000000E+00     5.000000E-01     2.633487E-01
   2.000000E+00     5.500000E-01     3.152105E-01
   2.000000E+00     6.000000E-01     3.710361E-01
   2.000000E+00     6.500000E-01     4.305878E-01
   2.000000E+00     7.000000E-01     4.935900E-01
   2.000000E+00     7.500000E-01     5.597276E-01
   2.000000E+00     8.000000E-01     6.286449E-01
   2.000000E+00     8.500000E-01     6.999478E-01
   2.000000E+00     9.000000E-01     7.732064E-01
   2.000000E+00     9.500000E-01     8.479605E-01
   2.000000E+00     1.000000E+00     9.237256E-01
   2.000000E+00     1.050000E+00     1.000000E+00
   2.050000E+00     0.000000E+00     0.000000E+00
   2.050000E+00     5.000000E-02     2.964035E-03
   2.050000E+00     1.000000E-01     1.166671E-02
   2.050000E+00     1.500000E-01     2.584736E-02
   2.050000E+00     2.000000E-01     4.528766E-02
   2.050000E+00     2.500000E-01     6.980487E-02
   2.050000E+00     3.000000E-01     9.924139E-02
   2.050000E+00     3.500000E-01     1.334546E-01
   2.050000E+00     4.000000E-01     1.723074E-01
   2.050000E+00     4.500000E-01     2.156581E-01
   2.050000E+00     5.000000E-01     2.633524E-01
   2.050000E+00     5.500000E-01     3.152144E-01
   2.050000E+00     6.000000E-01     3.710401E-01
   2.050000E+00     6.500000E-01     4.305918E-01
   2.050000E+00     7.000000E-01     4.935939E-01
   2.050000E+00     7.500000E-01     5.597312E-01
   2.050000E+00     8.000000E-01     6.286482E-01
   2.050000E+00     8.500000E-01     6.999505E-01
   2.050000E+00     9.000000E-01     7.732086E-01
   2.050000E+00     9.500000E-01     8.479620E-01
   2.050000E+00     1.000000E+00     9.237264E-01
   2.050000E+00     1.050000E+00     1.000000E+00
