# X            Y            Omega
   0.000000E+00     0.000000E+00     0.000000E+00
   0.000000E+00     5.000000E-02     0.000000E+00
   0.000000E+00     1.000000E-01     0.000000E+00
   0.000000E+00     1.500000E-01     0.000000E+00
   0.000000E+00     2.000000E-01     0.000000E+00
   0.000000E+00     2.500000E-01     0.000000E+00
   0.000000E+00     3.000000E-01     0.000000E+00
   0.000000E+00     3.500000E-01     0.000000E+00
   0.000000E+00     4.000000E-01     0.000000E+00
   0.000000E+00     4.500000E-01     0.000000E+00
   0.000000E+00     5.000000E-01     0.000000E+00
   0.000000E+00     5.500000E-01     0.000000E+00
   0.000000E+00     6.000000E-01     0.000000E+00
   0.000000E+00     6.500000E-01     0.000000E+00
   0.000000E+00     7.000000E-01     0.000000E+00
   0.000000E+00     7.500000E-01     0.000000E+00
   0.000000E+00     8.000000E-01     0.000000E+00
   0.000000E+00     8.500000E-01     0.000000E+00
   0.000000E+00     9.000000E-01     0.000000E+00
   0.000000E+00     9.500000E-01     0.000000E+00
   0.000000E+00     1.000000E+00     0.000000E+00
   0.000000E+00     1.050000E+00     0.000000E+00
   5.000000E-02     0.000000E+00    -2.957565E+01
   5.000000E-02     5.000000E-02    -1.449583E+01
   5.000000E-02     1.000000E-01    -6.832369E+00
   5.000000E-02     1.500000E-01    -3.966731E+00
   5.000000E-02     2.000000E-01    -2.424316E+00
   5.000000E-02     2.500000E-01    -1.536420E+00
   5.000000E-02     3.000000E-01    -1.083100E+00
   5.000000E-02     3.500000E-01    -8.569647E-01
   5.000000E-02     4.000000E-01    -7.415727E-01
   5.000000E-02     4.500000E-01    -6.799087E-01
   5.000000E-02     5.000000E-01    -6.411722E-01
   5.000000E-02     5.500000E-01    -6.075485E-01
   5.000000E-02     6.000000E-01    -5.696544E-01
   5.000000E-02     6.500000E-01    -5.237275E-01
   5.000000E-02     7.000000E-01    -4.696303E-01
   5.000000E-02     7.500000E-01    -4.089534E-01
   5.000000E-02     8.000000E-01    -3.439257E-01
   5.000000E-02     8.500000E-01    -2.765717E-01
   5.000000E-02     9.000000E-01    -2.082486E-01
   5.000000E-02     9.500000E-01    -1.395531E-01
   5.000000E-02     1.000000E+00    -7.043934E-02
   5.000000E-02     1.050000E+00     0.000000E+00
   1.000000E-01     0.000000E+00    -1.345467E+01
   1.000000E-01     5.000000E-02    -1.043112E+01
   1.000000E-01     1.000000E-01    -6.810359E+00
   1.000000E-01     1.500000E-01    -4.506343E+00
   1.000000E-01     2.000000E-01    -3.164620E+00
   1.000000E-01     2.500000E-01    -2.330191E+00
   1.000000E-01     3.000000E-01    -1.855632E+00
   1.000000E-01     3.500000E-01    -1.598458E+00
   1.000000E-01     4.000000E-01    -1.463721E+00
   1.000000E-01     4.500000E-01    -1.389842E+00
   1.000000E-01     5.000000E-01    -1.337065E+00
   1.000000E-01     5.500000E-01    -1.280080E+00
   1.000000E-01     6.000000E-01    -1.205361E+00
   1.000000E-01     6.500000E-01    -1.108912E+00
   1.000000E-01     7.000000E-01    -9.929512E-01
   1.000000E-01     7.500000E-01    -8.625552E-01
   1.000000E-01     8.000000E-01    -7.232603E-01
   1.000000E-01     8.500000E-01    -5.798507E-01
   1.000000E-01     9.000000E-01    -4.352495E-01
   1.000000E-01     9.500000E-01    -2.906322E-01
   1.000000E-01     1.000000E+00    -1.458004E-01
   1.000000E-01     1.050000E+00     0.000000E+00
   1.500000E-01     0.000000E+00    -6.366688E+00
   1.500000E-01     5.000000E-02    -6.496026E+00
   1.500000E-01     1.000000E-01    -5.398809E+00
   1.500000E-01     1.500000E-01    -4.219054E+00
   1.500000E-01     2.000000E-01    -3.363182E+00
   1.500000E-01     2.500000E-01    -2.786972E+00
   1.500000E-01     3.000000E-01    -2.444080E+00
   1.500000E-01     3.500000E-01    -2.263258E+00
   1.500000E-01     4.000000E-01    -2.180707E+00
   1.500000E-01     4.500000E-01    -2.141671E+00
   1.500000E-01     5.000000E-01    -2.103315E+00
   1.500000E-01     5.500000E-01    -2.036103E+00
   1.500000E-01     6.000000E-01    -1.925635E+00
   1.500000E-01     6.500000E-01    -1.771309E+00
   1.500000E-01     7.000000E-01    -1.581730E+00
   1.500000E-01     7.500000E-01    -1.368472E+00
   1.500000E-01     8.000000E-01    -1.142438E+00
   1.500000E-01     8.500000E-01    -9.119374E-01
   1.500000E-01     9.000000E-01    -6.816896E-01
   1.500000E-01     9.500000E-01    -4.533255E-01
   1.500000E-01     1.000000E+00    -2.265559E-01
   1.500000E-01     1.050000E+00     0.000000E+00
   2.000000E-01     0.000000E+00    -3.049692E+00
   2.000000E-01     5.000000E-02    -3.890148E+00
   2.000000E-01     1.000000E-01    -3.962581E+00
   2.000000E-01     1.500000E-01    -3.632746E+00
   2.000000E-01     2.000000E-01    -3.273273E+00
   2.000000E-01     2.500000E-01    -3.018307E+00
   2.000000E-01     3.000000E-01    -2.891637E+00
   2.000000E-01     3.500000E-01    -2.869411E+00
   2.000000E-01     4.000000E-01    -2.909219E+00
   2.000000E-01     4.500000E-01    -2.959069E+00
   2.000000E-01     5.000000E-01    -2.971697E+00
   2.000000E-01     5.500000E-01    -2.909398E+00
   2.000000E-01     6.000000E-01    -2.760517E+00
   2.000000E-01     6.500000E-01    -2.533370E+00
   2.000000E-01     7.000000E-01    -2.250190E+00
   2.000000E-01     7.500000E-01    -1.934406E+00
   2.000000E-01     8.000000E-01    -1.604673E+00
   2.000000E-01     8.500000E-01    -1.273680E+00
   2.000000E-01     9.000000E-01    -9.474488E-01
   2.000000E-01     9.500000E-01    -6.274917E-01
   2.000000E-01     1.000000E+00    -3.126820E-01
   2.000000E-01     1.050000E+00     0.000000E+00
   2.500000E-01     0.000000E+00    -1.464989E+00
   2.500000E-01     5.000000E-02    -2.310482E+00
   2.500000E-01     1.000000E-01    -2.822772E+00
   2.500000E-01     1.500000E-01    -3.002454E+00
   2.500000E-01     2.000000E-01    -3.058168E+00
   2.500000E-01     2.500000E-01    -3.122396E+00
   2.500000E-01     3.000000E-01    -3.251593E+00
   2.500000E-01     3.500000E-01    -3.451847E+00
   2.500000E-01     4.000000E-01    -3.687335E+00
   2.500000E-01     4.500000E-01    -3.890307E+00
   2.500000E-01     5.000000E-01    -4.000722E+00
   2.500000E-01     5.500000E-01    -3.956459E+00
   2.500000E-01     6.000000E-01    -3.756257E+00
   2.500000E-01     6.500000E-01    -3.425272E+00
   2.500000E-01     7.000000E-01    -3.014093E+00
   2.500000E-01     7.500000E-01    -2.566375E+00
   2.500000E-01     8.000000E-01    -2.110819E+00
   2.500000E-01     8.500000E-01    -1.663622E+00
   2.500000E-01     9.000000E-01    -1.230651E+00
   2.500000E-01     9.500000E-01    -8.117009E-01
   2.500000E-01     1.000000E+00    -4.033475E-01
   2.500000E-01     1.050000E+00     0.000000E+00
   3.000000E-01     0.000000E+00    -3.040228E-01
   3.000000E-01     5.000000E-02    -1.269455E+00
   3.000000E-01     1.000000E-01    -1.996454E+00
   3.000000E-01     1.500000E-01    -2.465089E+00
   3.000000E-01     2.000000E-01    -2.817770E+00
   3.000000E-01     2.500000E-01    -3.162795E+00
   3.000000E-01     3.000000E-01    -3.561617E+00
   3.000000E-01     3.500000E-01    -4.038660E+00
   3.000000E-01     4.000000E-01    -4.562973E+00
   3.000000E-01     4.500000E-01    -5.016834E+00
   3.000000E-01     5.000000E-01    -5.283721E+00
   3.000000E-01     5.500000E-01    -5.272828E+00
   3.000000E-01     6.000000E-01    -4.982737E+00
   3.000000E-01     6.500000E-01    -4.483030E+00
   3.000000E-01     7.000000E-01    -3.885417E+00
   3.000000E-01     7.500000E-01    -3.263350E+00
   3.000000E-01     8.000000E-01    -2.655318E+00
   3.000000E-01     8.500000E-01    -2.075680E+00
   3.000000E-01     9.000000E-01    -1.526293E+00
   3.000000E-01     9.500000E-01    -1.002514E+00
   3.000000E-01     1.000000E+00    -4.968135E-01
   3.000000E-01     1.050000E+00     0.000000E+00
   3.500000E-01     0.000000E+00     3.584426E-01
   3.500000E-01     5.000000E-02    -6.081800E-01
   3.500000E-01     1.000000E-01    -1.410016E+00
   3.500000E-01     1.500000E-01    -2.029260E+00
   3.500000E-01     2.000000E-01    -2.581778E+00
   3.500000E-01     2.500000E-01    -3.160827E+00
   3.500000E-01     3.000000E-01    -3.825014E+00
   3.500000E-01     3.500000E-01    -4.612403E+00
   3.500000E-01     4.000000E-01    -5.548461E+00
   3.500000E-01     4.500000E-01    -6.478728E+00
   3.500000E-01     5.000000E-01    -6.983807E+00
   3.500000E-01     5.500000E-01    -7.052522E+00
   3.500000E-01     6.000000E-01    -6.542738E+00
   3.500000E-01     6.500000E-01    -5.734520E+00
   3.500000E-01     7.000000E-01    -4.856262E+00
   3.500000E-01     7.500000E-01    -4.007021E+00
   3.500000E-01     8.000000E-01    -3.221319E+00
   3.500000E-01     8.500000E-01    -2.496931E+00
   3.500000E-01     9.000000E-01    -1.825218E+00
   3.500000E-01     9.500000E-01    -1.194120E+00
   3.500000E-01     1.000000E+00    -5.902894E-01
   3.500000E-01     1.050000E+00     0.000000E+00
   4.000000E-01     0.000000E+00     6.449768E-01
   4.000000E-01     5.000000E-02    -2.382175E-01
   4.000000E-01     1.000000E-01    -9.923069E-01
   4.000000E-01     1.500000E-01    -1.652207E+00
   4.000000E-01     2.000000E-01    -2.322049E+00
   4.000000E-01     2.500000E-01    -3.087297E+00
   4.000000E-01     3.000000E-01    -4.006101E+00
   4.000000E-01     3.500000E-01    -5.100055E+00
   4.000000E-01     4.000000E-01    -6.579020E+00
   4.000000E-01     4.500000E-01    -8.348203E+00
   4.000000E-01     5.000000E-01    -9.710813E+00
   4.000000E-01     5.500000E-01    -9.692801E+00
   4.000000E-01     6.000000E-01    -8.519955E+00
   4.000000E-01     6.500000E-01    -7.136787E+00
   4.000000E-01     7.000000E-01    -5.867920E+00
   4.000000E-01     7.500000E-01    -4.754397E+00
   4.000000E-01     8.000000E-01    -3.778168E+00
   4.000000E-01     8.500000E-01    -2.906352E+00
   4.000000E-01     9.000000E-01    -2.113755E+00
   4.000000E-01     9.500000E-01    -1.378370E+00
   4.000000E-01     1.000000E+00    -6.799834E-01
   4.000000E-01     1.050000E+00     0.000000E+00
   4.500000E-01     0.000000E+00     4.946442E-01
   4.500000E-01     5.000000E-02    -1.142456E-01
   4.500000E-01     1.000000E-01    -6.231296E-01
   4.500000E-01     1.500000E-01    -1.264982E+00
   4.500000E-01     2.000000E-01    -1.977681E+00
   4.500000E-01     2.500000E-01    -2.862072E+00
   4.500000E-01     3.000000E-01    -4.003817E+00
   4.500000E-01     3.500000E-01    -5.566523E+00
   4.500000E-01     4.000000E-01    -7.748176E+00
   4.500000E-01     4.500000E-01    -9.414974E+00
   4.500000E-01     5.000000E-01    -1.526325E+01
   4.500000E-01     5.500000E-01    -1.344314E+01
   4.500000E-01     6.000000E-01    -1.066274E+01
   4.500000E-01     6.500000E-01    -8.473722E+00
   4.500000E-01     7.000000E-01    -6.792058E+00
   4.500000E-01     7.500000E-01    -5.433150E+00
   4.500000E-01     8.000000E-01    -4.281718E+00
   4.500000E-01     8.500000E-01    -3.276398E+00
   4.500000E-01     9.000000E-01    -2.374959E+00
   4.500000E-01     9.500000E-01    -1.545439E+00
   4.500000E-01     1.000000E+00    -7.614351E-01
   4.500000E-01     1.050000E+00     0.000000E+00
   5.000000E-01     0.000000E+00     1.727734E-01
   5.000000E-01     5.000000E-02    -1.107079E-01
   5.000000E-01     1.000000E-01    -1.303812E-01
   5.000000E-01     1.500000E-01    -7.763468E-01
   5.000000E-01     2.000000E-01    -1.427242E+00
   5.000000E-01     2.500000E-01    -2.291233E+00
   5.000000E-01     3.000000E-01    -3.409694E+00
   5.000000E-01     3.500000E-01    -5.300354E+00
   5.000000E-01     4.000000E-01    -7.565554E+00
   5.000000E-01     4.500000E-01    -4.066565E+00
   5.000000E-01     5.000000E-01    -2.410641E+01
   5.000000E-01     5.500000E-01    -1.717098E+01
   5.000000E-01     6.000000E-01    -1.200447E+01
   5.000000E-01     6.500000E-01    -9.314059E+00
   5.000000E-01     7.000000E-01    -7.457153E+00
   5.000000E-01     7.500000E-01    -5.957529E+00
   5.000000E-01     8.000000E-01    -4.683652E+00
   5.000000E-01     8.500000E-01    -3.578067E+00
   5.000000E-01     9.000000E-01    -2.591320E+00
   5.000000E-01     9.500000E-01    -1.685433E+00
   5.000000E-01     1.000000E+00    -8.301364E-01
   5.000000E-01     1.050000E+00     0.000000E+00
   5.500000E-01     5.000000E-01    -9.611322E+00
   5.500000E-01     5.500000E-01    -1.386440E+01
   5.500000E-01     6.000000E-01    -1.219797E+01
   5.500000E-01     6.500000E-01    -9.747759E+00
   5.500000E-01     7.000000E-01    -7.810530E+00
   5.500000E-01     7.500000E-01    -6.262065E+00
   5.500000E-01     8.000000E-01    -4.944222E+00
   5.500000E-01     8.500000E-01    -3.788074E+00
   5.500000E-01     9.000000E-01    -2.748458E+00
   5.500000E-01     9.500000E-01    -1.789806E+00
   5.500000E-01     1.000000E+00    -8.821056E-01
   5.500000E-01     1.050000E+00     0.000000E+00
   6.000000E-01     5.000000E-01    -1.239820E+01
   6.000000E-01     5.500000E-01    -1.295123E+01
   6.000000E-01     6.000000E-01    -1.127421E+01
   6.000000E-01     6.500000E-01    -9.472281E+00
   6.000000E-01     7.000000E-01    -7.815542E+00
   6.000000E-01     7.500000E-01    -6.349737E+00
   6.000000E-01     8.000000E-01    -5.054800E+00
   6.000000E-01     8.500000E-01    -3.895345E+00
   6.000000E-01     9.000000E-01    -2.837859E+00
   6.000000E-01     9.500000E-01    -1.853008E+00
   6.000000E-01     1.000000E+00    -9.147275E-01
   6.000000E-01     1.050000E+00     0.000000E+00
   6.500000E-01     5.000000E-01    -9.577454E+00
   6.500000E-01     5.500000E-01    -1.170707E+01
   6.500000E-01     6.000000E-01    -1.064857E+01
   6.500000E-01     6.500000E-01    -9.055025E+00
   6.500000E-01     7.000000E-01    -7.574659E+00
   6.500000E-01     7.500000E-01    -6.239531E+00
   6.500000E-01     8.000000E-01    -5.021883E+00
   6.500000E-01     8.500000E-01    -3.901247E+00
   6.500000E-01     9.000000E-01    -2.858423E+00
   6.500000E-01     9.500000E-01    -1.873608E+00
   6.500000E-01     1.000000E+00    -9.270238E-01
   6.500000E-01     1.050000E+00     0.000000E+00
   7.000000E-01     0.000000E+00     1.651699E-01
   7.000000E-01     5.000000E-02    -6.815427E-02
   7.000000E-01     1.000000E-01     9.562853E-02
   7.000000E-01     1.500000E-01    -1.565243E-01
   7.000000E-01     2.000000E-01    -3.641043E-01
   7.000000E-01     2.500000E-01    -7.122410E-01
   7.000000E-01     3.000000E-01    -1.222019E+00
   7.000000E-01     3.500000E-01    -2.108898E+00
   7.000000E-01     4.000000E-01    -2.981141E+00
   7.000000E-01     4.500000E-01     6.242658E-01
   7.000000E-01     5.000000E-01    -1.398394E+01
   7.000000E-01     5.500000E-01    -1.201919E+01
   7.000000E-01     6.000000E-01    -9.790926E+00
   7.000000E-01     6.500000E-01    -8.364924E+00
   7.000000E-01     7.000000E-01    -7.143947E+00
   7.000000E-01     7.500000E-01    -5.979068E+00
   7.000000E-01     8.000000E-01    -4.868735E+00
   7.000000E-01     8.500000E-01    -3.816534E+00
   7.000000E-01     9.000000E-01    -2.815233E+00
   7.000000E-01     9.500000E-01    -1.853835E+00
   7.000000E-01     1.000000E+00    -9.197920E-01
   7.000000E-01     1.050000E+00     0.000000E+00
   7.500000E-01     0.000000E+00     4.530417E-01
   7.500000E-01     5.000000E-02     1.647168E-01
   7.500000E-01     1.000000E-01    -3.948746E-02
   7.500000E-01     1.500000E-01    -3.517865E-01
   7.500000E-01     2.000000E-01    -7.168143E-01
   7.500000E-01     2.500000E-01    -1.206628E+00
   7.500000E-01     3.000000E-01    -1.906210E+00
   7.500000E-01     3.500000E-01    -2.861217E+00
   7.500000E-01     4.000000E-01    -3.715917E+00
   7.500000E-01     4.500000E-01    -4.289926E+00
   7.500000E-01     5.000000E-01    -9.171439E+00
   7.500000E-01     5.500000E-01    -9.482504E+00
   7.500000E-01     6.000000E-01    -8.609037E+00
   7.500000E-01     6.500000E-01    -7.586031E+00
   7.500000E-01     7.000000E-01    -6.590250E+00
   7.500000E-01     7.500000E-01    -5.600460E+00
   7.500000E-01     8.000000E-01    -4.619914E+00
   7.500000E-01     8.500000E-01    -3.657727E+00
   7.500000E-01     9.000000E-01    -2.717883E+00
   7.500000E-01     9.500000E-01    -1.798761E+00
   7.500000E-01     1.000000E+00    -8.951975E-01
   7.500000E-01     1.050000E+00     0.000000E+00
   8.000000E-01     0.000000E+00     8.169523E-01
   8.000000E-01     5.000000E-02     3.584175E-01
   8.000000E-01     1.000000E-01    -6.075362E-02
   8.000000E-01     1.500000E-01    -4.659246E-01
   8.000000E-01     2.000000E-01    -9.191883E-01
   8.000000E-01     2.500000E-01    -1.459288E+00
   8.000000E-01     3.000000E-01    -2.117862E+00
   8.000000E-01     3.500000E-01    -2.850256E+00
   8.000000E-01     4.000000E-01    -3.745590E+00
   8.000000E-01     4.500000E-01    -5.135343E+00
   8.000000E-01     5.000000E-01    -6.655344E+00
   8.000000E-01     5.500000E-01    -7.437801E+00
   8.000000E-01     6.000000E-01    -7.277250E+00
   8.000000E-01     6.500000E-01    -6.697336E+00
   8.000000E-01     7.000000E-01    -5.961391E+00
   8.000000E-01     7.500000E-01    -5.152102E+00
   8.000000E-01     8.000000E-01    -4.306593E+00
   8.000000E-01     8.500000E-01    -3.444440E+00
   8.000000E-01     9.000000E-01    -2.578640E+00
   8.000000E-01     9.500000E-01    -1.715455E+00
   8.000000E-01     1.000000E+00    -8.564361E-01
   8.000000E-01     1.050000E+00     0.000000E+00
   8.500000E-01     0.000000E+00     9.887636E-01
   8.500000E-01     5.000000E-02     4.532426E-01
   8.500000E-01     1.000000E-01    -6.390499E-02
   8.500000E-01     1.500000E-01    -5.425498E-01
   8.500000E-01     2.000000E-01    -1.038442E+00
   8.500000E-01     2.500000E-01    -1.584174E+00
   8.500000E-01     3.000000E-01    -2.198850E+00
   8.500000E-01     3.500000E-01    -2.880294E+00
   8.500000E-01     4.000000E-01    -3.688386E+00
   8.500000E-01     4.500000E-01    -4.709295E+00
   8.500000E-01     5.000000E-01    -5.506219E+00
   8.500000E-01     5.500000E-01    -6.090474E+00
   8.500000E-01     6.000000E-01    -6.148792E+00
   8.500000E-01     6.500000E-01    -5.840503E+00
   8.500000E-01     7.000000E-01    -5.320121E+00
   8.500000E-01     7.500000E-01    -4.676058E+00
   8.500000E-01     8.000000E-01    -3.958467E+00
   8.500000E-01     8.500000E-01    -3.196936E+00
   8.500000E-01     9.000000E-01    -2.410784E+00
   8.500000E-01     9.500000E-01    -1.611927E+00
   8.500000E-01     1.000000E+00    -8.072086E-01
   8.500000E-01     1.050000E+00     0.000000E+00
   9.000000E-01     0.000000E+00     1.026187E+00
   9.000000E-01     5.000000E-02     4.620638E-01
   9.000000E-01     1.000000E-01    -9.121387E-02
   9.000000E-01     1.500000E-01    -6.009047E-01
   9.000000E-01     2.000000E-01    -1.107489E+00
   9.000000E-01     2.500000E-01    -1.637960E+00
   9.000000E-01     3.000000E-01    -2.207984E+00
   9.000000E-01     3.500000E-01    -2.827950E+00
   9.000000E-01     4.000000E-01    -3.502034E+00
   9.000000E-01     4.500000E-01    -4.203027E+00
   9.000000E-01     5.000000E-01    -4.781920E+00
   9.000000E-01     5.500000E-01    -5.171825E+00
   9.000000E-01     6.000000E-01    -5.267459E+00
   9.000000E-01     6.500000E-01    -5.092856E+00
   9.000000E-01     7.000000E-01    -4.718312E+00
   9.000000E-01     7.500000E-01    -4.205879E+00
   9.000000E-01     8.000000E-01    -3.600526E+00
   9.000000E-01     8.500000E-01    -2.933558E+00
   9.000000E-01     9.000000E-01    -2.226936E+00
   9.000000E-01     9.500000E-01    -1.495944E+00
   9.000000E-01     1.000000E+00    -7.512551E-01
   9.000000E-01     1.050000E+00     0.000000E+00
   9.500000E-01     0.000000E+00     9.449694E-01
   9.500000E-01     5.000000E-02     3.949325E-01
   9.500000E-01     1.000000E-01    -1.519739E-01
   9.500000E-01     1.500000E-01    -6.570700E-01
   9.500000E-01     2.000000E-01    -1.149623E+00
   9.500000E-01     2.500000E-01    -1.649685E+00
   9.500000E-01     3.000000E-01    -2.167768E+00
   9.500000E-01     3.500000E-01    -2.707646E+00
   9.500000E-01     4.000000E-01    -3.256631E+00
   9.500000E-01     4.500000E-01    -3.777511E+00
   9.500000E-01     5.000000E-01    -4.211249E+00
   9.500000E-01     5.500000E-01    -4.490963E+00
   9.500000E-01     6.000000E-01    -4.575884E+00
   9.500000E-01     6.500000E-01    -4.461761E+00
   9.500000E-01     7.000000E-01    -4.178761E+00
   9.500000E-01     7.500000E-01    -3.764159E+00
   9.500000E-01     8.000000E-01    -3.251621E+00
   9.500000E-01     8.500000E-01    -2.669038E+00
   9.500000E-01     9.000000E-01    -2.037828E+00
   9.500000E-01     9.500000E-01    -1.374532E+00
   9.500000E-01     1.000000E+00    -6.919948E-01
   9.500000E-01     1.050000E+00     0.000000E+00
   1.000000E+00     0.000000E+00     7.720767E-01
   1.000000E+00     5.000000E-02     2.666312E-01
   1.000000E+00     1.000000E-01    -2.445069E-01
   1.000000E+00     1.500000E-01    -7.203751E-01
   1.000000E+00     2.000000E-01    -1.180723E+00
   1.000000E+00     2.500000E-01    -1.638599E+00
   1.000000E+00     3.000000E-01    -2.099260E+00
   1.000000E+00     3.500000E-01    -2.559907E+00
   1.000000E+00     4.000000E-01    -3.007122E+00
   1.000000E+00     4.500000E-01    -3.414986E+00
   1.000000E+00     5.000000E-01    -3.743992E+00
   1.000000E+00     5.500000E-01    -3.954695E+00
   1.000000E+00     6.000000E-01    -4.019263E+00
   1.000000E+00     6.500000E-01    -3.932008E+00
   1.000000E+00     7.000000E-01    -3.705802E+00
   1.000000E+00     7.500000E-01    -3.361958E+00
   1.000000E+00     8.000000E-01    -2.923875E+00
   1.000000E+00     8.500000E-01    -2.414074E+00
   1.000000E+00     9.000000E-01    -1.851818E+00
   1.000000E+00     9.500000E-01    -1.253345E+00
   1.000000E+00     1.000000E+00    -6.322771E-01
   1.000000E+00     1.050000E+00     0.000000E+00
   1.050000E+00     0.000000E+00     5.382209E-01
   1.050000E+00     5.000000E-02     9.397931E-02
   1.050000E+00     1.000000E-01    -3.636145E-01
   1.050000E+00     1.500000E-01    -7.944770E-01
   1.050000E+00     2.000000E-01    -1.210564E+00
   1.050000E+00     2.500000E-01    -1.619002E+00
   1.050000E+00     3.000000E-01    -2.020983E+00
   1.050000E+00     3.500000E-01    -2.411358E+00
   1.050000E+00     4.000000E-01    -2.777958E+00
   1.050000E+00     4.500000E-01    -3.101735E+00
   1.050000E+00     5.000000E-01    -3.355839E+00
   1.050000E+00     5.500000E-01    -3.514989E+00
   1.050000E+00     6.000000E-01    -3.560255E+00
   1.050000E+00     6.500000E-01    -3.485391E+00
   1.050000E+00     7.000000E-01    -3.295400E+00
   1.050000E+00     7.500000E-01    -3.002707E+00
   1.050000E+00     8.000000E-01    -2.623599E+00
   1.050000E+00     8.500000E-01    -2.175465E+00
   1.050000E+00     9.000000E-01    -1.674770E+00
   1.050000E+00     9.500000E-01    -1.136532E+00
   1.050000E+00     1.000000E+00    -5.742749E-01
   1.050000E+00     1.050000E+00     0.000000E+00
   1.100000E+00     0.000000E+00     2.680473E-01
   1.100000E+00     5.000000E-02    -1.068797E-01
   1.100000E+00     1.000000E-01    -5.019272E-01
   1.100000E+00     1.500000E-01    -8.791953E-01
   1.100000E+00     2.000000E-01    -1.244408E+00
   1.100000E+00     2.500000E-01    -1.600287E+00
   1.100000E+00     3.000000E-01    -1.945244E+00
   1.100000E+00     3.500000E-01    -2.273373E+00
   1.100000E+00     4.000000E-01    -2.574087E+00
   1.100000E+00     4.500000E-01    -2.832364E+00
   1.100000E+00     5.000000E-01    -3.029855E+00
   1.100000E+00     5.500000E-01    -3.148996E+00
   1.100000E+00     6.000000E-01    -3.176523E+00
   1.100000E+00     6.500000E-01    -3.106414E+00
   1.100000E+00     7.000000E-01    -2.940177E+00
   1.100000E+00     7.500000E-01    -2.685267E+00
   1.100000E+00     8.000000E-01    -2.353050E+00
   1.100000E+00     8.500000E-01    -1.956801E+00
   1.100000E+00     9.000000E-01    -1.510281E+00
   1.100000E+00     9.500000E-01    -1.026910E+00
   1.100000E+00     1.000000E+00    -5.194903E-01
   1.100000E+00     1.050000E+00     0.000000E+00
   1.150000E+00     0.000000E+00    -1.681354E-02
   1.150000E+00     5.000000E-02    -3.226559E-01
   1.150000E+00     1.000000E-01    -6.524131E-01
   1.150000E+00     1.500000E-01    -9.725200E-01
   1.150000E+00     2.000000E-01    -1.284324E+00
   1.150000E+00     2.500000E-01    -1.587386E+00
   1.150000E+00     3.000000E-01    -1.878325E+00
   1.150000E+00     3.500000E-01    -2.150930E+00
   1.150000E+00     4.000000E-01    -2.395977E+00
   1.150000E+00     4.500000E-01    -2.601526E+00
   1.150000E+00     5.000000E-01    -2.754189E+00
   1.150000E+00     5.500000E-01    -2.841175E+00
   1.150000E+00     6.000000E-01    -2.852643E+00
   1.150000E+00     6.500000E-01    -2.783328E+00
   1.150000E+00     7.000000E-01    -2.633190E+00
   1.150000E+00     7.500000E-01    -2.406784E+00
   1.150000E+00     8.000000E-01    -2.112140E+00
   1.150000E+00     8.500000E-01    -1.759490E+00
   1.150000E+00     9.000000E-01    -1.360217E+00
   1.150000E+00     9.500000E-01    -9.260889E-01
   1.150000E+00     1.000000E+00    -4.688554E-01
   1.150000E+00     1.050000E+00     0.000000E+00
   1.200000E+00     0.000000E+00    -3.015570E-01
   1.200000E+00     5.000000E-02    -5.425080E-01
   1.200000E+00     1.000000E-01    -8.085435E-01
   1.200000E+00     1.500000E-01    -1.071661E+00
   1.200000E+00     2.000000E-01    -1.330439E+00
   1.200000E+00     2.500000E-01    -1.582330E+00
   1.200000E+00     3.000000E-01    -1.822859E+00
   1.200000E+00     3.500000E-01    -2.045745E+00
   1.200000E+00     4.000000E-01    -2.242855E+00
   1.200000E+00     4.500000E-01    -2.404498E+00
   1.200000E+00     5.000000E-01    -2.520320E+00
   1.200000E+00     5.500000E-01    -2.580587E+00
   1.200000E+00     6.000000E-01    -2.577663E+00
   1.200000E+00     6.500000E-01    -2.507090E+00
   1.200000E+00     7.000000E-01    -2.368143E+00
   1.200000E+00     7.500000E-01    -2.163659E+00
   1.200000E+00     8.000000E-01    -1.899447E+00
   1.200000E+00     8.500000E-01    -1.583492E+00
   1.200000E+00     9.000000E-01    -1.225200E+00
   1.200000E+00     9.500000E-01    -8.347784E-01
   1.200000E+00     1.000000E+00    -4.228227E-01
   1.200000E+00     1.050000E+00     0.000000E+00
   1.250000E+00     0.000000E+00    -5.754560E-01
   1.250000E+00     5.000000E-02    -7.585864E-01
   1.250000E+00     1.000000E-01    -9.649444E-01
   1.250000E+00     1.500000E-01    -1.173630E+00
   1.250000E+00     2.000000E-01    -1.381734E+00
   1.250000E+00     2.500000E-01    -1.585355E+00
   1.250000E+00     3.000000E-01    -1.779402E+00
   1.250000E+00     3.500000E-01    -1.957686E+00
   1.250000E+00     4.000000E-01    -2.112946E+00
   1.250000E+00     4.500000E-01    -2.237105E+00
   1.250000E+00     5.000000E-01    -2.321789E+00
   1.250000E+00     5.500000E-01    -2.359291E+00
   1.250000E+00     6.000000E-01    -2.343461E+00
   1.250000E+00     6.500000E-01    -2.270549E+00
   1.250000E+00     7.000000E-01    -2.139523E+00
   1.250000E+00     7.500000E-01    -1.952190E+00
   1.250000E+00     8.000000E-01    -1.712874E+00
   1.250000E+00     8.500000E-01    -1.427888E+00
   1.250000E+00     9.000000E-01    -1.105022E+00
   1.250000E+00     9.500000E-01    -7.530945E-01
   1.250000E+00     1.000000E+00    -3.815173E-01
   1.250000E+00     1.050000E+00     0.000000E+00
   1.300000E+00     0.000000E+00    -8.350180E-01
   1.300000E+00     5.000000E-02    -9.650127E-01
   1.300000E+00     1.000000E-01    -1.117076E+00
   1.300000E+00     1.500000E-01    -1.275606E+00
   1.300000E+00     2.000000E-01    -1.436670E+00
   1.300000E+00     2.500000E-01    -1.595666E+00
   1.300000E+00     3.000000E-01    -1.747279E+00
   1.300000E+00     3.500000E-01    -1.885569E+00
   1.300000E+00     4.000000E-01    -2.003993E+00
   1.300000E+00     4.500000E-01    -2.095601E+00
   1.300000E+00     5.000000E-01    -2.153441E+00
   1.300000E+00     5.500000E-01    -2.171177E+00
   1.300000E+00     6.000000E-01    -2.143741E+00
   1.300000E+00     6.500000E-01    -2.067907E+00
   1.300000E+00     7.000000E-01    -1.942557E+00
   1.300000E+00     7.500000E-01    -1.768850E+00
   1.300000E+00     8.000000E-01    -1.550070E+00
   1.300000E+00     8.500000E-01    -1.291279E+00
   1.300000E+00     9.000000E-01    -9.989698E-01
   1.300000E+00     9.500000E-01    -6.807254E-01
   1.300000E+00     1.000000E+00    -3.448336E-01
   1.300000E+00     1.050000E+00     0.000000E+00
   1.350000E+00     0.000000E+00    -1.075554E+00
   1.350000E+00     5.000000E-02    -1.158078E+00
   1.350000E+00     1.000000E-01    -1.261866E+00
   1.350000E+00     1.500000E-01    -1.375230E+00
   1.350000E+00     2.000000E-01    -1.493538E+00
   1.350000E+00     2.500000E-01    -1.611952E+00
   1.350000E+00     3.000000E-01    -1.725224E+00
   1.350000E+00     3.500000E-01    -1.827742E+00
   1.350000E+00     4.000000E-01    -1.913575E+00
   1.350000E+00     4.500000E-01    -1.976647E+00
   1.350000E+00     5.000000E-01    -2.011038E+00
   1.350000E+00     5.500000E-01    -2.011407E+00
   1.350000E+00     6.000000E-01    -1.973479E+00
   1.350000E+00     6.500000E-01    -1.894428E+00
   1.350000E+00     7.000000E-01    -1.773148E+00
   1.350000E+00     7.500000E-01    -1.610369E+00
   1.350000E+00     8.000000E-01    -1.408627E+00
   1.350000E+00     8.500000E-01    -1.172031E+00
   1.350000E+00     9.000000E-01    -9.060255E-01
   1.350000E+00     9.500000E-01    -6.171114E-01
   1.350000E+00     1.000000E+00    -3.125267E-01
   1.350000E+00     1.050000E+00     0.000000E+00
   1.400000E+00     0.000000E+00    -1.293505E+00
   1.400000E+00     5.000000E-02    -1.335892E+00
   1.400000E+00     1.000000E-01    -1.397433E+00
   1.400000E+00     1.500000E-01    -1.470662E+00
   1.400000E+00     2.000000E-01    -1.550708E+00
   1.400000E+00     2.500000E-01    -1.632719E+00
   1.400000E+00     3.000000E-01    -1.711661E+00
   1.400000E+00     3.500000E-01    -1.782309E+00
   1.400000E+00     4.000000E-01    -1.839291E+00
   1.400000E+00     4.500000E-01    -1.877232E+00
   1.400000E+00     5.000000E-01    -1.890996E+00
   1.400000E+00     5.500000E-01    -1.875997E+00
   1.400000E+00     6.000000E-01    -1.828549E+00
   1.400000E+00     6.500000E-01    -1.746159E+00
   1.400000E+00     7.000000E-01    -1.627754E+00
   1.400000E+00     7.500000E-01    -1.473789E+00
   1.400000E+00     8.000000E-01    -1.286232E+00
   1.400000E+00     8.500000E-01    -1.068454E+00
   1.400000E+00     9.000000E-01    -8.250385E-01
   1.400000E+00     9.500000E-01    -5.615447E-01
   1.400000E+00     1.000000E+00    -2.842675E-01
   1.400000E+00     1.050000E+00     0.000000E+00
   1.450000E+00     0.000000E+00    -1.488358E+00
   1.450000E+00     5.000000E-02    -1.497190E+00
   1.450000E+00     1.000000E-01    -1.522401E+00
   1.450000E+00     1.500000E-01    -1.560516E+00
   1.450000E+00     2.000000E-01    -1.606782E+00
   1.450000E+00     2.500000E-01    -1.656511E+00
   1.450000E+00     3.000000E-01    -1.704984E+00
   1.450000E+00     3.500000E-01    -1.747393E+00
   1.450000E+00     4.000000E-01    -1.778877E+00
   1.450000E+00     4.500000E-01    -1.794655E+00
   1.450000E+00     5.000000E-01    -1.790216E+00
   1.450000E+00     5.500000E-01    -1.761564E+00
   1.450000E+00     6.000000E-01    -1.705475E+00
   1.450000E+00     6.500000E-01    -1.619732E+00
   1.450000E+00     7.000000E-01    -1.503307E+00
   1.450000E+00     7.500000E-01    -1.356455E+00
   1.450000E+00     8.000000E-01    -1.180728E+00
   1.450000E+00     8.500000E-01    -9.789027E-01
   1.450000E+00     9.000000E-01    -7.548350E-01
   1.450000E+00     9.500000E-01    -5.132825E-01
   1.450000E+00     1.000000E+00    -2.596954E-01
   1.450000E+00     1.050000E+00     0.000000E+00
   1.500000E+00     0.000000E+00    -1.660157E+00
   1.500000E+00     5.000000E-02    -1.641619E+00
   1.500000E+00     1.000000E-01    -1.635990E+00
   1.500000E+00     1.500000E-01    -1.643773E+00
   1.500000E+00     2.000000E-01    -1.660588E+00
   1.500000E+00     2.500000E-01    -1.682005E+00
   1.500000E+00     3.000000E-01    -1.703676E+00
   1.500000E+00     3.500000E-01    -1.721217E+00
   1.500000E+00     4.000000E-01    -1.730246E+00
   1.500000E+00     4.500000E-01    -1.726502E+00
   1.500000E+00     5.000000E-01    -1.705994E+00
   1.500000E+00     5.500000E-01    -1.665204E+00
   1.500000E+00     6.000000E-01    -1.601284E+00
   1.500000E+00     6.500000E-01    -1.512253E+00
   1.500000E+00     7.000000E-01    -1.397124E+00
   1.500000E+00     7.500000E-01    -1.256011E+00
   1.500000E+00     8.000000E-01    -1.090147E+00
   1.500000E+00     8.500000E-01    -9.018181E-01
   1.500000E+00     9.000000E-01    -6.942778E-01
   1.500000E+00     9.500000E-01    -4.715894E-01
   1.500000E+00     1.000000E+00    -2.384465E-01
   1.500000E+00     1.050000E+00     0.000000E+00
   1.550000E+00     0.000000E+00    -1.811256E+00
   1.550000E+00     5.000000E-02    -1.769319E+00
   1.550000E+00     1.000000E-01    -1.737747E+00
   1.550000E+00     1.500000E-01    -1.719732E+00
   1.550000E+00     2.000000E-01    -1.711194E+00
   1.550000E+00     2.500000E-01    -1.708049E+00
   1.550000E+00     3.000000E-01    -1.706352E+00
   1.550000E+00     3.500000E-01    -1.702150E+00
   1.550000E+00     4.000000E-01    -1.691512E+00
   1.550000E+00     4.500000E-01    -1.670633E+00
   1.550000E+00     5.000000E-01    -1.635972E+00
   1.550000E+00     5.500000E-01    -1.584413E+00
   1.550000E+00     6.000000E-01    -1.513424E+00
   1.550000E+00     6.500000E-01    -1.421221E+00
   1.550000E+00     7.000000E-01    -1.306868E+00
   1.550000E+00     7.500000E-01    -1.170375E+00
   1.550000E+00     8.000000E-01    -1.012713E+00
   1.550000E+00     8.500000E-01    -8.357739E-01
   1.550000E+00     9.000000E-01    -6.422990E-01
   1.550000E+00     9.500000E-01    -4.357532E-01
   1.550000E+00     1.000000E+00    -2.201693E-01
   1.550000E+00     1.050000E+00     0.000000E+00
   1.600000E+00     0.000000E+00    -1.942435E+00
   1.600000E+00     5.000000E-02    -1.880873E+00
   1.600000E+00     1.000000E-01    -1.827724E+00
   1.600000E+00     1.500000E-01    -1.788011E+00
   1.600000E+00     2.000000E-01    -1.757900E+00
   1.600000E+00     2.500000E-01    -1.733673E+00
   1.600000E+00     3.000000E-01    -1.711801E+00
   1.600000E+00     3.500000E-01    -1.688748E+00
   1.600000E+00     4.000000E-01    -1.661001E+00
   1.600000E+00     4.500000E-01    -1.625168E+00
   1.600000E+00     5.000000E-01    -1.578101E+00
   1.600000E+00     5.500000E-01    -1.517029E+00
   1.600000E+00     6.000000E-01    -1.439695E+00
   1.600000E+00     6.500000E-01    -1.344483E+00
   1.600000E+00     7.000000E-01    -1.230514E+00
   1.600000E+00     7.500000E-01    -1.097717E+00
   1.600000E+00     8.000000E-01    -9.468535E-01
   1.600000E+00     8.500000E-01    -7.794875E-01
   1.600000E+00     9.000000E-01    -5.979277E-01
   1.600000E+00     9.500000E-01    -4.051267E-01
   1.600000E+00     1.000000E+00    -2.045387E-01
   1.600000E+00     1.050000E+00     0.000000E+00
   1.650000E+00     0.000000E+00    -2.054242E+00
   1.650000E+00     5.000000E-02    -1.977162E+00
   1.650000E+00     1.000000E-01    -1.906268E+00
   1.650000E+00     1.500000E-01    -1.848470E+00
   1.650000E+00     2.000000E-01    -1.800200E+00
   1.650000E+00     2.500000E-01    -1.758086E+00
   1.650000E+00     3.000000E-01    -1.718986E+00
   1.650000E+00     3.500000E-01    -1.679752E+00
   1.650000E+00     4.000000E-01    -1.637255E+00
   1.650000E+00     4.500000E-01    -1.588475E+00
   1.650000E+00     5.000000E-01    -1.530612E+00
   1.650000E+00     5.500000E-01    -1.461198E+00
   1.650000E+00     6.000000E-01    -1.378215E+00
   1.650000E+00     6.500000E-01    -1.280196E+00
   1.650000E+00     7.000000E-01    -1.166318E+00
   1.650000E+00     7.500000E-01    -1.036453E+00
   1.650000E+00     8.000000E-01    -8.911908E-01
   1.650000E+00     8.500000E-01    -7.318259E-01
   1.650000E+00     9.000000E-01    -5.603008E-01
   1.650000E+00     9.500000E-01    -3.791256E-01
   1.650000E+00     1.000000E+00    -1.912613E-01
   1.650000E+00     1.050000E+00     0.000000E+00
   1.700000E+00     0.000000E+00    -2.148614E+00
   1.700000E+00     5.000000E-02    -2.059046E+00
   1.700000E+00     1.000000E-01    -1.973748E+00
   1.700000E+00     1.500000E-01    -1.901085E+00
   1.700000E+00     2.000000E-01    -1.837742E+00
   1.700000E+00     2.500000E-01    -1.780655E+00
   1.700000E+00     3.000000E-01    -1.727033E+00
   1.700000E+00     3.500000E-01    -1.674081E+00
   1.700000E+00     4.000000E-01    -1.619015E+00
   1.700000E+00     4.500000E-01    -1.559149E+00
   1.700000E+00     5.000000E-01    -1.491989E+00
   1.700000E+00     5.500000E-01    -1.415335E+00
   1.700000E+00     6.000000E-01    -1.327377E+00
   1.700000E+00     6.500000E-01    -1.226787E+00
   1.700000E+00     7.000000E-01    -1.112793E+00
   1.700000E+00     7.500000E-01    -9.852262E-01
   1.700000E+00     8.000000E-01    -8.445423E-01
   1.700000E+00     8.500000E-01    -6.918104E-01
   1.700000E+00     9.000000E-01    -5.286669E-01
   1.700000E+00     9.500000E-01    -3.572459E-01
   1.700000E+00     1.000000E+00    -1.800811E-01
   1.700000E+00     1.050000E+00     0.000000E+00
   1.750000E+00     0.000000E+00    -2.226325E+00
   1.750000E+00     5.000000E-02    -2.127300E+00
   1.750000E+00     1.000000E-01    -2.030585E+00
   1.750000E+00     1.500000E-01    -1.945922E+00
   1.750000E+00     2.000000E-01    -1.870287E+00
   1.750000E+00     2.500000E-01    -1.800883E+00
   1.750000E+00     3.000000E-01    -1.735223E+00
   1.750000E+00     3.500000E-01    -1.670828E+00
   1.750000E+00     4.000000E-01    -1.605218E+00
   1.750000E+00     4.500000E-01    -1.536001E+00
   1.750000E+00     5.000000E-01    -1.460953E+00
   1.750000E+00     5.500000E-01    -1.378107E+00
   1.750000E+00     6.000000E-01    -1.285836E+00
   1.750000E+00     6.500000E-01    -1.182939E+00
   1.750000E+00     7.000000E-01    -1.068691E+00
   1.750000E+00     7.500000E-01    -9.428980E-01
   1.750000E+00     8.000000E-01    -8.059118E-01
   1.750000E+00     8.500000E-01    -6.586146E-01
   1.750000E+00     9.000000E-01    -5.023901E-01
   1.750000E+00     9.500000E-01    -3.390559E-01
   1.750000E+00     1.000000E+00    -1.707803E-01
   1.750000E+00     1.050000E+00     0.000000E+00
   1.800000E+00     0.000000E+00    -2.289183E+00
   1.800000E+00     5.000000E-02    -2.182724E+00
   1.800000E+00     1.000000E-01    -2.077163E+00
   1.800000E+00     1.500000E-01    -1.983086E+00
   1.800000E+00     2.000000E-01    -1.897676E+00
   1.800000E+00     2.500000E-01    -1.818377E+00
   1.800000E+00     3.000000E-01    -1.742970E+00
   1.800000E+00     3.500000E-01    -1.669242E+00
   1.800000E+00     4.000000E-01    -1.594982E+00
   1.800000E+00     4.500000E-01    -1.518049E+00
   1.800000E+00     5.000000E-01    -1.436450E+00
   1.800000E+00     5.500000E-01    -1.348419E+00
   1.800000E+00     6.000000E-01    -1.252493E+00
   1.800000E+00     6.500000E-01    -1.147576E+00
   1.800000E+00     7.000000E-01    -1.032997E+00
   1.800000E+00     7.500000E-01    -9.085454E-01
   1.800000E+00     8.000000E-01    -7.744910E-01
   1.800000E+00     8.500000E-01    -6.315684E-01
   1.800000E+00     9.000000E-01    -4.809523E-01
   1.800000E+00     9.500000E-01    -3.242013E-01
   1.800000E+00     1.000000E+00    -1.631815E-01
   1.800000E+00     1.050000E+00     0.000000E+00
   1.850000E+00     0.000000E+00    -2.337957E+00
   1.850000E+00     5.000000E-02    -2.226054E+00
   1.850000E+00     1.000000E-01    -2.113919E+00
   1.850000E+00     1.500000E-01    -2.012722E+00
   1.850000E+00     2.000000E-01    -1.919812E+00
   1.850000E+00     2.500000E-01    -1.832836E+00
   1.850000E+00     3.000000E-01    -1.749800E+00
   1.850000E+00     3.500000E-01    -1.668718E+00
   1.850000E+00     4.000000E-01    -1.587597E+00
   1.850000E+00     4.500000E-01    -1.504505E+00
   1.850000E+00     5.000000E-01    -1.417644E+00
   1.850000E+00     5.500000E-01    -1.325414E+00
   1.850000E+00     6.000000E-01    -1.226491E+00
   1.850000E+00     6.500000E-01    -1.119873E+00
   1.850000E+00     7.000000E-01    -1.004937E+00
   1.850000E+00     7.500000E-01    -8.814656E-01
   1.850000E+00     8.000000E-01    -7.496678E-01
   1.850000E+00     8.500000E-01    -6.101642E-01
   1.850000E+00     9.000000E-01    -4.639645E-01
   1.850000E+00     9.500000E-01    -3.124205E-01
   1.850000E+00     1.000000E+00    -1.571519E-01
   1.850000E+00     1.050000E+00     0.000000E+00
   1.900000E+00     0.000000E+00    -2.373770E+00
   1.900000E+00     5.000000E-02    -2.258046E+00
   1.900000E+00     1.000000E-01    -2.141251E+00
   1.900000E+00     1.500000E-01    -2.034977E+00
   1.900000E+00     2.000000E-01    -1.936626E+00
   1.900000E+00     2.500000E-01    -1.844017E+00
   1.900000E+00     3.000000E-01    -1.755340E+00
   1.900000E+00     3.500000E-01    -1.668781E+00
   1.900000E+00     4.000000E-01    -1.582514E+00
   1.900000E+00     4.500000E-01    -1.494775E+00
   1.900000E+00     5.000000E-01    -1.403914E+00
   1.900000E+00     5.500000E-01    -1.308471E+00
   1.900000E+00     6.000000E-01    -1.207225E+00
   1.900000E+00     6.500000E-01    -1.099256E+00
   1.900000E+00     7.000000E-01    -9.839817E-01
   1.900000E+00     7.500000E-01    -8.611877E-01
   1.900000E+00     8.000000E-01    -7.310385E-01
   1.900000E+00     8.500000E-01    -5.940729E-01
   1.900000E+00     9.000000E-01    -4.511780E-01
   1.900000E+00     9.500000E-01    -3.035452E-01
   1.900000E+00     1.000000E+00    -1.526081E-01
   1.900000E+00     1.050000E+00     0.000000E+00
   1.950000E+00     0.000000E+00    -2.395689E+00
   1.950000E+00     5.000000E-02    -2.278939E+00
   1.950000E+00     1.000000E-01    -2.159568E+00
   1.950000E+00     1.500000E-01    -2.049967E+00
   1.950000E+00     2.000000E-01    -1.948035E+00
   1.950000E+00     2.500000E-01    -1.851706E+00
   1.950000E+00     3.000000E-01    -1.759283E+00
   1.950000E+00     3.500000E-01    -1.669064E+00
   1.950000E+00     4.000000E-01    -1.579337E+00
   1.950000E+00     4.500000E-01    -1.488451E+00
   1.950000E+00     5.000000E-01    -1.394864E+00
   1.950000E+00     5.500000E-01    -1.297211E+00
   1.950000E+00     6.000000E-01    -1.194350E+00
   1.950000E+00     6.500000E-01    -1.085419E+00
   1.950000E+00     7.000000E-01    -9.698719E-01
   1.950000E+00     7.500000E-01    -8.474973E-01
   1.950000E+00     8.000000E-01    -7.184348E-01
   1.950000E+00     8.500000E-01    -5.831676E-01
   1.950000E+00     9.000000E-01    -4.425007E-01
   1.950000E+00     9.500000E-01    -2.975176E-01
   1.950000E+00     1.000000E+00    -1.495240E-01
   1.950000E+00     1.050000E+00     0.000000E+00
   2.000000E+00     0.000000E+00    -2.410170E+00
   2.000000E+00     5.000000E-02    -2.290270E+00
   2.000000E+00     1.000000E-01    -2.169021E+00
   2.000000E+00     1.500000E-01    -2.057721E+00
   2.000000E+00     2.000000E-01    -1.953916E+00
   2.000000E+00     2.500000E-01    -1.855688E+00
   2.000000E+00     3.000000E-01    -1.761373E+00
   2.000000E+00     3.500000E-01    -1.669301E+00
   2.000000E+00     4.000000E-01    -1.577815E+00
   2.000000E+00     4.500000E-01    -1.485318E+00
   2.000000E+00     5.000000E-01    -1.390325E+00
   2.000000E+00     5.500000E-01    -1.291521E+00
   2.000000E+00     6.000000E-01    -1.187811E+00
   2.000000E+00     6.500000E-01    -1.078365E+00
   2.000000E+00     7.000000E-01    -9.626546E-01
   2.000000E+00     7.500000E-01    -8.404762E-01
   2.000000E+00     8.000000E-01    -7.119571E-01
   2.000000E+00     8.500000E-01    -5.775543E-01
   2.000000E+00     9.000000E-01    -4.380278E-01
   2.000000E+00     9.500000E-01    -2.944062E-01
   2.000000E+00     1.000000E+00    -1.479305E-01
   2.000000E+00     1.050000E+00     0.000000E+00
   2.050000E+00     0.000000E+00    -2.410170E+00
   2.050000E+00     5.000000E-02    -2.290270E+00
   2.050000E+00     1.000000E-01    -2.169021E+00
   2.050000E+00     1.500000E-01    -2.057721E+00
   2.050000E+00     2.000000E-01    -1.953916E+00
   2.050000E+00     2.500000E-01    -1.855688E+00
   2.050000E+00     3.000000E-01    -1.761373E+00
   2.050000E+00     3.500000E-01    -1.669301E+00
   2.050000E+00     4.000000E-01    -1.577815E+00
   2.050000E+00     4.500000E-01    -1.485318E+00
   2.050000E+00     5.000000E-01    -1.390325E+00
   2.050000E+00     5.500000E-01    -1.291521E+00
   2.050000E+00     6.000000E-01    -1.187811E+00
   2.050000E+00     6.500000E-01    -1.078365E+00
   2.050000E+00     7.000000E-01    -9.626546E-01
   2.050000E+00     7.500000E-01    -8.404762E-01
   2.050000E+00     8.000000E-01    -7.119571E-01
   2.050000E+00     8.500000E-01    -5.775543E-01
   2.050000E+00     9.000000E-01    -4.380278E-01
   2.050000E+00     9.500000E-01    -2.944062E-01
   2.050000E+00     1.000000E+00    -1.479305E-01
   2.050000E+00     1.050000E+00     0.000000E+00
